target,0,5,1152921505010548736,68719476736,87,0,0,0,0,0
