0 7 200 207 601 606 803 804
0 11 401 410 602 609 804 807
0 19 201 218 604 615 807 812
0 50 203 247 611 639 818 832
0 61 204 257 615 646 828 833
0 73 205 268 411 462 619 654
0 131 208 323 629 702 847 884
1 2 200 203 400 403 601 602
1 3 200 204 600 604 801 803
1 8 201 208 602 607 804 805
1 12 402 411 603 610 805 808
1 20 202 219 605 616 808 813
1 51 204 248 612 640 819 833
1 62 205 258 616 647 829 834
1 74 206 269 412 463 620 655
1 132 209 324 630 703 848 885
2 3 201 204 401 404 602 603
2 4 201 205 601 605 802 804
2 9 202 209 603 608 805 806
2 13 403 412 604 611 806 809
2 21 203 220 606 617 809 814
2 52 205 249 613 641 820 834
2 63 206 259 617 648 830 835
2 75 207 270 413 464 621 656
2 133 210 325 631 704 849 886
3 4 201 206 600 607 800 807
3 4 202 205 402 405 603 604
3 5 202 206 602 606 803 805
3 6 201 208 400 409 810
3 10 203 210 604 609 806 807
3 14 404 413 605 612 807 810
3 22 204 221 607 618 810 815
3 53 206 250 614 642 821 835
3 64 207 260 618 649 831 836
3 76 208 271 414 465 622 657
3 134 211 326 632 705 850 887
4 5 202 207 601 608 801 808
4 5 203 206 403 406 604 605
4 6 203 207 603 607 804 806
4 7 202 209 401 410 800 811
4 11 204 211 605 610 807 808
4 15 405 414 606 613 808 811
4 23 205 222 608 619 811 816
4 54 207 251 615 643 822 836
4 65 208 261 619 650 832 837
4 77 209 272 415 466 623 658
4 135 212 327 633 706 851 888
5 6 203 208 602 609 802 809
5 6 204 207 404 407 605 606
5 7 204 208 604 608 805 807
5 8 203 210 402 411 801 812
5 12 205 212 606 611 808 809
5 16 406 415 607 614 809 812
5 24 206 223 609 620 812 817
5 55 208 252 616 644 823 837
5 66 209 262 620 651 833 838
5 78 210 273 416 467 624 659
5 136 213 328 634 707 852 889
6 7 204 209 603 610 803 810
6 7 205 208 405 408 606 607
6 8 205 209 605 609 806 808
6 9 204 211 403 412 802 813
6 11 203 214 600 617 818
6 13 206 213 607 612 809 810
6 17 407 416 608 615 810 813
6 25 207 224 610 621 813 818
6 56 209 253 617 645 824 838
6 67 210 263 621 652 834 839
6 79 211 274 417 468 625 660
6 137 214 329 635 708 853 890
7 8 205 210 604 611 804 811
7 8 206 209 406 409 607 608
7 9 206 210 606 610 807 809
7 10 205 212 404 413 803 814
7 12 204 215 601 618 800 819
7 14 207 214 608 613 810 811
7 18 408 417 609 616 811 814
7 26 208 225 611 622 814 819
7 57 210 254 618 646 825 839
7 68 211 264 622 653 835 840
7 80 212 275 418 469 626 661
7 138 215 330 636 709 854 891
8 9 206 211 605 612 805 812
8 9 207 210 407 410 608 609
8 10 207 211 607 611 808 810
8 11 206 213 405 414 804 815
8 13 205 216 602 619 801 820
8 15 208 215 609 614 811 812
8 19 409 418 610 617 812 815
8 27 209 226 612 623 815 820
8 58 211 255 619 647 826 840
8 69 212 265 623 654 836 841
8 81 213 276 419 470 627 662
8 139 216 331 637 710 855 892
9 10 207 212 606 613 806 813
9 10 208 211 408 411 609 610
9 11 208 212 608 612 809 811
9 12 207 214 406 415 805 816
9 14 206 217 603 620 802 821
9 16 209 216 610 615 812 813
9 20 410 419 611 618 813 816
9 28 210 227 613 624 816 821
9 59 212 256 620 648 827 841
9 70 213 266 624 655 837 842
9 82 214 277 420 471 628 663
9 140 217 332 638 711 856 893
10 11 208 213 607 614 807 814
10 11 209 212 409 412 610 611
10 12 209 213 609 613 810 812
10 13 208 215 407 416 806 817
10 15 207 218 604 621 803 822
10 17 210 217 611 616 813 814
10 21 411 420 612 619 814 817
10 29 211 228 614 625 817 822
10 60 213 257 621 649 828 842
10 71 214 267 625 656 838 843
10 83 215 278 421 472 629 664
10 141 218 333 639 712 857 894
10 400 409 601 608 803 806
11 12 209 214 608 615 808 815
11 12 210 213 410 413 611 612
11 13 210 214 610 614 811 813
11 14 209 216 408 417 807 818
11 16 208 219 605 622 804 823
11 18 211 218 612 617 814 815
11 22 412 421 613 620 815 818
11 30 212 229 615 626 818 823
11 61 214 258 622 650 829 843
11 72 215 268 626 657 839 844
11 84 216 279 422 473 630 665
11 142 219 334 640 713 858 895
12 13 210 215 609 616 809 816
12 13 211 214 411 414 612 613
12 14 211 215 611 615 812 814
12 15 210 217 409 418 808 819
12 17 209 220 606 623 805 824
12 19 212 219 613 618 815 816
12 23 413 422 614 621 816 819
12 31 213 230 616 627 819 824
12 62 215 259 623 651 830 844
12 73 216 269 627 658 840 845
12 85 217 280 423 474 631 666
12 143 220 335 641 714 859 896
13 14 211 216 610 617 810 817
13 14 212 215 412 415 613 614
13 15 212 216 612 616 813 815
13 16 211 218 410 419 809 820
13 18 210 221 607 624 806 825
13 20 213 220 614 619 816 817
13 24 414 423 615 622 817 820
13 32 214 231 617 628 820 825
13 63 216 260 624 652 831 845
13 74 217 270 628 659 841 846
13 86 218 281 424 475 632 667
13 144 221 336 642 715 860 897
14 15 212 217 611 618 811 818
14 15 213 216 413 416 614 615
14 16 213 217 613 617 814 816
14 17 212 219 411 420 810 821
14 19 211 222 608 625 807 826
14 21 214 221 615 620 817 818
14 25 415 424 616 623 818 821
14 33 215 232 618 629 821 826
14 49 206 257 400 463 668
14 64 217 261 625 653 832 846
14 75 218 271 629 660 842 847
14 87 219 282 425 476 633 668
14 145 222 337 643 716 861 898
15 16 213 218 612 619 812 819
15 16 214 217 414 417 615 616
15 17 214 218 614 618 815 817
15 18 213 220 412 421 811 822
15 20 212 223 609 626 808 827
15 22 215 222 616 621 818 819
15 26 416 425 617 624 819 822
15 29 208 236 600 644 847
15 34 216 233 619 630 822 827
15 50 207 258 401 464 669
15 65 218 262 626 654 833 847
15 76 219 272 630 661 843 848
15 88 220 283 426 477 634 669
15 146 223 338 644 717 862 899
16 17 214 219 613 620 813 820
16 17 215 218 415 418 616 617
16 18 215 219 615 619 816 818
16 19 214 221 413 422 812 823
16 21 213 224 610 627 809 828
16 23 216 223 617 622 819 820
16 27 417 426 618 625 820 823
16 30 209 237 601 645 848
16 35 217 234 620 631 823 828
16 51 208 259 402 465 670
16 66 219 263 627 655 834 848
16 77 220 273 631 662 844 849
16 89 221 284 427 478 635 670
16 147 224 339 645 718 863 900
17 18 215 220 614 621 814 821
17 18 216 219 416 419 617 618
17 19 216 220 616 620 817 819
17 20 215 222 414 423 813 824
17 22 214 225 611 628 810 829
17 24 217 224 618 623 820 821
17 28 418 427 619 626 821 824
17 31 210 238 602 646 849
17 36 218 235 621 632 824 829
17 52 209 260 403 466 671
17 67 220 264 628 656 835 849
17 78 221 274 632 663 845 850
17 90 222 285 428 479 636 671
17 148 225 340 646 719 864 901
18 19 216 221 615 622 815 822
18 19 217 220 417 420 618 619
18 20 217 221 617 621 818 820
18 21 216 223 415 424 814 825
18 23 215 226 612 629 811 830
18 25 218 225 619 624 821 822
18 29 419 428 620 627 822 825
18 32 211 239 603 647 800 850
18 37 219 236 622 633 825 830
18 53 210 261 404 467 672
18 68 221 265 629 657 836 850
18 79 222 275 633 664 846 851
18 91 223 286 429 480 637 672
18 149 226 341 647 720 865 902
18 200 217 603 614 806 811
19 20 217 222 616 623 816 823
19 20 218 221 418 421 619 620
19 21 218 222 618 622 819 821
19 22 217 224 416 425 815 826
19 24 216 227 613 630 812 831
19 26 219 226 620 625 822 823
19 30 420 429 621 628 823 826
19 33 212 240 604 648 801 851
19 38 220 237 623 634 826 831
19 54 211 262 405 468 600 673
19 69 222 266 630 658 837 851
19 80 223 276 634 665 847 852
19 92 224 287 430 481 638 673
19 150 227 342 648 721 866 903
20 21 218 223 617 624 817 824
20 21 219 222 419 422 620 621
20 22 219 223 619 623 820 822
20 23 218 225 417 426 816 827
20 25 217 228 614 631 813 832
20 27 220 227 621 626 823 824
20 31 421 430 622 629 824 827
20 34 213 241 605 649 802 852
20 39 221 238 624 635 827 832
20 55 212 263 406 469 601 674
20 70 223 267 631 659 838 852
20 81 224 277 635 666 848 853
20 93 225 288 431 482 639 674
20 151 228 343 649 722 867 904
21 22 219 224 618 625 818 825
21 22 220 223 420 423 621 622
21 23 220 224 620 624 821 823
21 24 219 226 418 427 817 828
21 26 218 229 615 632 814 833
21 28 221 228 622 627 824 825
21 32 422 431 623 630 825 828
21 35 214 242 606 650 803 853
21 40 222 239 625 636 828 833
21 56 213 264 407 470 602 675
21 71 224 268 632 660 839 853
21 82 225 278 636 667 849 854
21 94 226 289 432 483 640 675
21 152 229 344 650 723 868 905
22 23 220 225 619 626 819 826
22 23 221 224 421 424 622 623
22 24 221 225 621 625 822 824
22 25 220 227 419 428 818 829
22 27 219 230 616 633 815 834
22 29 222 229 623 628 825 826
22 33 423 432 624 631 826 829
22 36 215 243 607 651 804 854
22 41 223 240 626 637 829 834
22 57 214 265 408 471 603 676
22 72 225 269 633 661 840 854
22 83 226 279 637 668 850 855
22 95 227 290 433 484 641 676
22 153 230 345 651 724 869 906
23 24 221 226 620 627 820 827
23 24 222 225 422 425 623 624
23 25 222 226 622 626 823 825
23 26 221 228 420 429 819 830
23 28 220 231 617 634 816 835
23 30 223 230 624 629 826 827
23 34 424 433 625 632 827 830
23 37 216 244 608 652 805 855
23 42 224 241 627 638 830 835
23 58 215 266 409 472 604 677
23 73 226 270 634 662 841 855
23 84 227 280 638 669 851 856
23 96 228 291 434 485 642 677
23 154 231 346 652 725 870 907
24 25 222 227 621 628 821 828
24 25 223 226 423 426 624 625
24 26 223 227 623 627 824 826
24 27 222 229 421 430 820 831
24 29 211 242 600 653 857
24 29 221 232 618 635 817 836
24 31 224 231 625 630 827 828
24 35 425 434 626 633 828 831
24 38 217 245 609 653 806 856
24 43 225 242 628 639 831 836
24 59 216 267 410 473 605 678
24 74 227 271 635 663 842 856
24 85 228 281 639 670 852 857
24 97 229 292 435 486 643 678
24 155 232 347 653 726 871 908
25 26 223 228 622 629 822 829
25 26 224 227 424 427 625 626
25 27 224 228 624 628 825 827
25 28 223 230 422 431 821 832
25 30 212 243 601 654 858
25 30 222 233 619 636 818 837
25 32 225 232 626 631 828 829
25 36 426 435 627 634 829 832
25 39 218 246 610 654 807 857
25 44 226 243 629 640 832 837
25 60 217 268 411 474 606 679
25 75 228 272 636 664 843 857
25 86 229 282 640 671 853 858
25 98 230 293 436 487 644 679
25 156 233 348 654 727 872 909
26 27 224 229 623 630 823 830
26 27 225 228 425 428 626 627
26 28 225 229 625 629 826 828
26 29 224 231 423 432 822 833
26 31 213 244 602 655 859
26 31 223 234 620 637 819 838
26 33 226 233 627 632 829 830
26 37 427 436 628 635 830 833
26 40 219 247 611 655 808 858
26 45 227 244 630 641 833 838
26 61 218 269 412 475 607 680
26 76 229 273 637 665 844 858
26 87 230 283 641 672 854 859
26 99 231 294 437 488 645 680
26 157 234 349 655 728 873 910
27 28 225 230 624 631 824 831
27 28 226 229 426 429 627 628
27 29 226 230 626 630 827 829
27 30 225 232 424 433 823 834
27 32 214 245 603 656 860
27 32 224 235 621 638 820 839
27 34 227 234 628 633 830 831
27 38 428 437 629 636 831 834
27 41 220 248 612 656 809 859
27 46 228 245 631 642 834 839
27 62 219 270 413 476 608 681
27 77 230 274 638 666 845 859
27 88 231 284 642 673 855 860
27 100 232 295 438 489 646 681
27 158 235 350 656 729 874 911
28 29 226 231 625 632 825 832
28 29 227 230 427 430 628 629
28 30 227 231 627 631 828 830
28 31 226 233 425 434 824 835
28 33 215 246 604 657 800 861
28 33 225 236 622 639 821 840
28 35 228 235 629 634 831 832
28 39 429 438 630 637 832 835
28 42 221 249 613 657 810 860
28 47 229 246 632 643 835 840
28 63 220 271 414 477 609 682
28 78 231 275 639 667 846 860
28 89 232 285 643 674 856 861
28 101 233 296 439 490 647 682
28 159 236 351 657 730 875 912
29 30 227 232 626 633 826 833
29 30 228 231 428 431 629 630
29 31 228 232 628 632 829 831
29 32 227 234 426 435 825 836
29 34 216 247 605 658 801 862
29 34 226 237 623 640 822 841
29 36 229 236 630 635 832 833
29 40 430 439 631 638 833 836
29 43 222 250 614 658 811 861
29 48 230 247 633 644 836 841
29 64 221 272 415 478 610 683
29 79 232 276 640 668 847 861
29 90 233 286 644 675 857 862
29 102 234 297 440 491 648 683
29 160 237 352 658 731 876 913
30 31 228 233 627 634 827 834
30 31 229 232 429 432 630 631
30 32 229 233 629 633 830 832
30 33 228 235 427 436 826 837
30 35 217 248 606 659 802 863
30 35 227 238 624 641 823 842
30 37 230 237 631 636 833 834
30 41 431 440 632 639 834 837
30 44 223 251 615 659 812 862
30 49 231 248 634 645 837 842
30 65 222 273 416 479 611 684
30 80 233 277 641 669 848 862
30 91 234 287 645 676 858 863
30 103 235 298 441 492 649 684
30 161 238 353 659 732 877 914
31 32 229 234 628 635 828 835
31 32 230 233 430 433 631 632
31 33 230 234 630 634 831 833
31 34 229 236 428 437 827 838
31 36 218 249 607 660 803 864
31 36 228 239 625 642 824 843
31 38 231 238 632 637 834 835
31 42 432 441 633 640 835 838
31 45 224 252 616 660 813 863
31 50 232 249 635 646 838 843
31 66 223 274 417 480 612 685
31 81 234 278 642 670 849 863
31 92 235 288 646 677 859 864
31 104 236 299 442 493 650 685
31 162 239 354 660 733 878 915
32 33 230 235 629 636 829 836
32 33 231 234 431 434 632 633
32 34 231 235 631 635 832 834
32 35 230 237 429 438 828 839
32 37 219 250 608 661 804 865
32 37 229 240 626 643 825 844
32 39 232 239 633 638 835 836
32 43 433 442 634 641 836 839
32 46 225 253 617 661 814 864
32 51 233 250 636 647 839 844
32 67 224 275 418 481 613 686
32 82 235 279 643 671 850 864
32 93 236 289 647 678 860 865
32 105 237 300 443 494 651 686
32 163 240 355 661 734 879 916
33 34 231 236 630 637 830 837
33 34 232 235 432 435 633 634
33 35 232 236 632 636 833 835
33 36 231 238 430 439 829 840
33 38 220 251 609 662 805 866
33 38 230 241 627 644 826 845
33 40 233 240 634 639 836 837
33 44 434 443 635 642 837 840
33 47 226 254 618 662 815 865
33 52 234 251 637 648 840 845
33 68 225 276 419 482 614 687
33 83 236 280 644 672 851 865
33 94 237 290 648 679 861 866
33 106 238 301 444 495 652 687
33 164 241 356 662 735 880 917
34 35 232 237 631 638 831 838
34 35 233 236 433 436 634 635
34 36 233 237 633 637 834 836
34 37 232 239 431 440 830 841
34 39 221 252 610 663 806 867
34 39 231 242 628 645 827 846
34 41 234 241 635 640 837 838
34 45 435 444 636 643 838 841
34 48 227 255 619 663 816 866
34 53 235 252 638 649 841 846
34 69 226 277 420 483 615 688
34 84 237 281 645 673 852 866
34 95 238 291 649 680 862 867
34 107 239 302 445 496 653 688
34 165 242 357 663 736 881 918
35 36 233 238 632 639 832 839
35 36 234 237 434 437 635 636
35 37 234 238 634 638 835 837
35 38 233 240 432 441 831 842
35 40 222 253 611 664 807 868
35 40 232 243 629 646 828 847
35 42 235 242 636 641 838 839
35 46 436 445 637 644 839 842
35 49 228 256 620 664 817 867
35 54 236 253 639 650 842 847
35 70 227 278 421 484 616 689
35 85 238 282 646 674 853 867
35 96 239 292 650 681 863 868
35 108 240 303 446 497 654 689
35 166 243 358 664 737 882 919
36 37 234 239 633 640 833 840
36 37 235 238 435 438 636 637
36 38 235 239 635 639 836 838
36 39 234 241 433 442 832 843
36 41 223 254 612 665 808 869
36 41 233 244 630 647 829 848
36 43 236 243 637 642 839 840
36 47 437 446 638 645 840 843
36 50 229 257 621 665 818 868
36 55 237 254 640 651 843 848
36 71 228 279 422 485 617 690
36 86 239 283 647 675 854 868
36 97 240 293 651 682 864 869
36 109 241 304 447 498 655 690
36 167 244 359 665 738 883 920
37 38 235 240 634 641 834 841
37 38 236 239 436 439 637 638
37 39 236 240 636 640 837 839
37 40 235 242 434 443 833 844
37 42 224 255 613 666 809 870
37 42 234 245 631 648 830 849
37 44 237 244 638 643 840 841
37 48 438 447 639 646 841 844
37 51 230 258 622 666 819 869
37 56 238 255 641 652 844 849
37 72 229 280 423 486 618 691
37 87 240 284 648 676 855 869
37 98 241 294 652 683 865 870
37 110 242 305 448 499 656 691
37 168 245 360 666 739 884 921
38 39 236 241 635 642 835 842
38 39 237 240 437 440 638 639
38 40 237 241 637 641 838 840
38 41 236 243 435 444 834 845
38 43 225 256 614 667 810 871
38 43 235 246 632 649 831 850
38 45 238 245 639 644 841 842
38 49 439 448 640 647 842 845
38 52 231 259 623 667 820 870
38 57 239 256 642 653 845 850
38 73 230 281 424 487 619 692
38 88 241 285 649 677 856 870
38 99 242 295 653 684 866 871
38 111 243 306 449 500 657 692
38 169 246 361 667 740 885 922
39 40 237 242 636 643 836 843
39 40 238 241 438 441 639 640
39 41 238 242 638 642 839 841
39 42 237 244 436 445 835 846
39 44 226 257 615 668 811 872
39 44 236 247 633 650 832 851
39 46 239 246 640 645 842 843
39 50 440 449 641 648 843 846
39 53 232 260 624 668 821 871
39 58 240 257 643 654 846 851
39 74 231 282 425 488 620 693
39 76 221 294 600 715 923
39 89 242 286 650 678 857 871
39 100 243 296 654 685 867 872
39 112 244 307 450 501 658 693
39 170 247 362 668 741 886 923
40 41 238 243 637 644 837 844
40 41 239 242 439 442 640 641
40 42 239 243 639 643 840 842
40 43 238 245 437 446 836 847
40 45 227 258 616 669 812 873
40 45 237 248 634 651 833 852
40 47 240 247 641 646 843 844
40 51 441 450 642 649 844 847
40 54 233 261 625 669 822 872
40 59 241 258 644 655 847 852
40 75 232 283 426 489 621 694
40 77 222 295 601 716 924
40 90 243 287 651 679 858 872
40 101 244 297 655 686 868 873
40 113 245 308 451 502 659 694
40 171 248 363 669 742 887 924
41 42 239 244 638 645 838 845
41 42 240 243 440 443 641 642
41 43 240 244 640 644 841 843
41 44 239 246 438 447 837 848
41 46 228 259 617 670 813 874
41 46 238 249 635 652 834 853
41 48 241 248 642 647 844 845
41 52 442 451 643 650 845 848
41 55 234 262 626 670 823 873
41 60 242 259 645 656 848 853
41 76 233 284 427 490 622 695
41 78 223 296 602 717 925
41 91 244 288 652 680 859 873
41 102 245 298 656 687 869 874
41 114 246 309 452 503 660 695
41 172 249 364 670 743 888 925
42 43 240 245 639 646 839 846
42 43 241 244 441 444 642 643
42 44 241 245 641 645 842 844
42 45 240 247 439 448 838 849
42 47 229 260 618 671 814 875
42 47 239 250 636 653 835 854
42 49 242 249 643 648 845 846
42 53 443 452 644 651 846 849
42 56 235 263 627 671 824 874
42 61 243 260 646 657 849 854
42 77 234 285 428 491 623 696
42 79 224 297 603 718 926
42 92 245 289 653 681 860 874
42 103 246 299 657 688 870 875
42 115 247 310 453 504 661 696
42 173 250 365 671 744 889 926
43 44 241 246 640 647 840 847
43 44 242 245 442 445 643 644
43 45 242 246 642 646 843 845
43 46 241 248 440 449 839 850
43 48 230 261 619 672 815 876
43 48 240 251 637 654 836 855
43 50 243 250 644 649 846 847
43 54 444 453 645 652 847 850
43 57 236 264 628 672 825 875
43 62 244 261 647 658 850 855
43 78 235 286 429 492 624 697
43 80 225 298 604 719 927
43 93 246 290 654 682 861 875
43 104 247 300 658 689 871 876
43 116 248 311 454 505 662 697
43 174 251 366 672 745 890 927
44 45 242 247 641 648 841 848
44 45 243 246 443 446 644 645
44 46 243 247 643 647 844 846
44 47 242 249 441 450 840 851
44 49 231 262 620 673 816 877
44 49 241 252 638 655 837 856
44 51 244 251 645 650 847 848
44 55 445 454 646 653 848 851
44 58 237 265 629 673 826 876
44 63 245 262 648 659 851 856
44 79 236 287 430 493 625 698
44 81 226 299 605 720 928
44 94 247 291 655 683 862 876
44 105 248 301 659 690 872 877
44 117 249 312 455 506 663 698
44 175 252 367 673 746 891 928
45 46 243 248 642 649 842 849
45 46 244 247 444 447 645 646
45 47 244 248 644 648 845 847
45 48 243 250 442 451 841 852
45 50 232 263 621 674 817 878
45 50 242 253 639 656 838 857
45 52 245 252 646 651 848 849
45 56 446 455 647 654 849 852
45 59 238 266 630 674 827 877
45 64 246 263 649 660 852 857
45 80 237 288 431 494 626 699
45 82 227 300 606 721 929
45 95 248 292 656 684 863 877
45 106 249 302 660 691 873 878
45 118 250 313 456 507 664 699
45 176 253 368 674 747 892 929
46 47 244 249 643 650 843 850
46 47 245 248 445 448 646 647
46 48 245 249 645 649 846 848
46 49 244 251 443 452 842 853
46 51 233 264 622 675 818 879
46 51 243 254 640 657 839 858
46 53 246 253 647 652 849 850
46 57 447 456 648 655 850 853
46 60 239 267 631 675 828 878
46 65 247 264 650 661 853 858
46 81 238 289 432 495 627 700
46 83 228 301 607 722 930
46 96 249 293 657 685 864 878
46 107 250 303 661 692 874 879
46 119 251 314 457 508 665 700
46 177 254 369 675 748 893 930
47 48 245 250 644 651 844 851
47 48 246 249 446 449 647 648
47 49 246 250 646 650 847 849
47 50 245 252 444 453 843 854
47 52 234 265 623 676 819 880
47 52 244 255 641 658 840 859
47 54 247 254 648 653 850 851
47 58 448 457 649 656 851 854
47 61 240 268 632 676 829 879
47 66 248 265 651 662 854 859
47 82 239 290 433 496 628 701
47 84 229 302 608 723 800 931
47 97 250 294 658 686 865 879
47 108 251 304 662 693 875 880
47 120 252 315 458 509 666 701
47 178 255 370 676 749 894 931
47 200 244 608 636 815 829
48 49 246 251 645 652 845 852
48 49 247 250 447 450 648 649
48 50 247 251 647 651 848 850
48 51 246 253 445 454 844 855
48 53 235 266 624 677 820 881
48 53 245 256 642 659 841 860
48 55 248 255 649 654 851 852
48 59 449 458 650 657 852 855
48 62 241 269 633 677 830 880
48 67 249 266 652 663 855 860
48 83 240 291 434 497 629 702
48 85 230 303 609 724 801 932
48 98 251 295 659 687 866 880
48 109 252 305 663 694 876 881
48 121 253 316 459 510 667 702
48 179 256 371 677 750 895 932
48 201 245 609 637 816 830
49 50 247 252 646 653 846 853
49 50 248 251 448 451 649 650
49 51 248 252 648 652 849 851
49 52 247 254 446 455 845 856
49 54 236 267 625 678 821 882
49 54 246 257 643 660 842 861
49 56 249 256 650 655 852 853
49 60 450 459 651 658 853 856
49 63 242 270 634 678 831 881
49 68 250 267 653 664 856 861
49 84 241 292 435 498 630 703
49 86 231 304 610 725 802 933
49 99 252 296 660 688 867 881
49 110 253 306 664 695 877 882
49 122 254 317 460 511 668 703
49 180 257 372 678 751 896 933
49 202 246 610 638 817 831
50 51 248 253 647 654 847 854
50 51 249 252 449 452 650 651
50 52 249 253 649 653 850 852
50 53 248 255 447 456 846 857
50 55 237 268 626 679 822 883
50 55 247 258 644 661 843 862
50 57 250 257 651 656 853 854
50 61 451 460 652 659 854 857
50 64 243 271 635 679 832 882
50 69 251 268 654 665 857 862
50 85 242 293 436 499 631 704
50 87 232 305 611 726 803 934
50 100 253 297 661 689 868 882
50 111 254 307 665 696 878 883
50 123 255 318 461 512 669 704
50 181 258 373 679 752 897 934
51 52 249 254 648 655 848 855
51 52 250 253 450 453 651 652
51 53 250 254 650 654 851 853
51 54 249 256 448 457 847 858
51 56 238 269 627 680 823 884
51 56 248 259 645 662 844 863
51 58 251 258 652 657 854 855
51 62 452 461 653 660 855 858
51 65 244 272 636 680 833 883
51 70 252 269 655 666 858 863
51 86 243 294 437 500 632 705
51 88 233 306 612 727 804 935
51 101 254 298 662 690 869 883
51 112 255 308 666 697 879 884
51 124 256 319 462 513 670 705
51 182 259 374 680 753 898 935
52 53 250 255 649 656 849 856
52 53 251 254 451 454 652 653
52 54 251 255 651 655 852 854
52 55 250 257 449 458 848 859
52 57 239 270 628 681 824 885
52 57 249 260 646 663 845 864
52 59 252 259 653 658 855 856
52 63 453 462 654 661 856 859
52 66 245 273 637 681 834 884
52 71 253 270 656 667 859 864
52 87 244 295 438 501 633 706
52 89 234 307 613 728 805 936
52 102 255 299 663 691 870 884
52 113 256 309 667 698 880 885
52 125 257 320 463 514 671 706
52 183 260 375 681 754 899 936
53 54 251 256 650 657 850 857
53 54 252 255 452 455 653 654
53 55 252 256 652 656 853 855
53 56 251 258 450 459 849 860
53 58 240 271 629 682 825 886
53 58 250 261 647 664 846 865
53 60 253 260 654 659 856 857
53 64 454 463 655 662 857 860
53 67 246 274 638 682 835 885
53 72 254 271 657 668 860 865
53 88 245 296 439 502 634 707
53 90 235 308 614 729 806 937
53 103 256 300 664 692 871 885
53 114 257 310 668 699 881 886
53 126 258 321 464 515 672 707
53 184 261 376 682 755 900 937
54 55 252 257 651 658 851 858
54 55 253 256 453 456 654 655
54 56 253 257 653 657 854 856
54 57 252 259 451 460 850 861
54 59 241 272 630 683 826 887
54 59 251 262 648 665 847 866
54 61 254 261 655 660 857 858
54 65 455 464 656 663 858 861
54 68 247 275 639 683 836 886
54 73 255 272 658 669 861 866
54 89 246 297 440 503 635 708
54 91 236 309 615 730 807 938
54 104 257 301 665 693 872 886
54 115 258 311 669 700 882 887
54 127 259 322 465 516 673 708
54 185 262 377 683 756 901 938
55 56 253 258 652 659 852 859
55 56 254 257 454 457 655 656
55 57 254 258 654 658 855 857
55 58 253 260 452 461 851 862
55 60 242 273 631 684 827 888
55 60 252 263 649 666 848 867
55 62 255 262 656 661 858 859
55 66 456 465 657 664 859 862
55 69 248 276 640 684 837 887
55 74 256 273 659 670 862 867
55 90 247 298 441 504 636 709
55 92 237 310 616 731 808 939
55 105 258 302 666 694 873 887
55 116 259 312 670 701 883 888
55 128 260 323 466 517 674 709
55 186 263 378 684 757 902 939
56 57 254 259 653 660 853 860
56 57 255 258 455 458 656 657
56 58 255 259 655 659 856 858
56 59 254 261 453 462 852 863
56 61 243 274 632 685 828 889
56 61 253 264 650 667 849 868
56 63 256 263 657 662 859 860
56 67 457 466 658 665 860 863
56 70 249 277 641 685 838 888
56 75 257 274 660 671 863 868
56 91 248 299 442 505 637 710
56 93 238 311 617 732 809 940
56 106 259 303 667 695 874 888
56 117 260 313 671 702 884 889
56 129 261 324 467 518 675 710
56 187 264 379 685 758 903 940
57 58 255 260 654 661 854 861
57 58 256 259 456 459 657 658
57 59 256 260 656 660 857 859
57 60 255 262 454 463 853 864
57 62 244 275 633 686 829 890
57 62 254 265 651 668 850 869
57 64 257 264 658 663 860 861
57 68 458 467 659 666 861 864
57 71 250 278 642 686 839 889
57 76 258 275 661 672 864 869
57 92 249 300 443 506 638 711
57 94 239 312 618 733 810 941
57 107 260 304 668 696 875 889
57 118 261 314 672 703 885 890
57 130 262 325 468 519 676 711
57 188 265 380 686 759 904 941
57 200 253 611 642 824 829
58 59 256 261 655 662 855 862
58 59 257 260 457 460 658 659
58 60 257 261 657 661 858 860
58 61 256 263 455 464 854 865
58 63 245 276 634 687 830 891
58 63 255 266 652 669 851 870
58 65 258 265 659 664 861 862
58 69 459 468 660 667 862 865
58 72 251 279 643 687 840 890
58 77 259 276 662 673 865 870
58 93 250 301 444 507 639 712
58 95 240 313 619 734 811 942
58 108 261 305 669 697 876 890
58 119 262 315 673 704 886 891
58 131 263 326 469 520 677 712
58 189 266 381 687 760 905 942
58 201 254 612 643 825 830
59 60 257 262 656 663 856 863
59 60 258 261 458 461 659 660
59 61 258 262 658 662 859 861
59 62 257 264 456 465 855 866
59 64 246 277 635 688 831 892
59 64 256 267 653 670 852 871
59 66 259 266 660 665 862 863
59 70 460 469 661 668 863 866
59 73 252 280 644 688 841 891
59 78 260 277 663 674 866 871
59 94 251 302 445 508 640 713
59 96 241 314 620 735 812 943
59 109 262 306 670 698 877 891
59 120 263 316 674 705 887 892
59 132 264 327 470 521 678 713
59 190 267 382 688 761 906 943
59 202 255 613 644 826 831
60 61 258 263 657 664 857 864
60 61 259 262 459 462 660 661
60 62 259 263 659 663 860 862
60 63 258 265 457 466 856 867
60 65 247 278 636 689 832 893
60 65 257 268 654 671 853 872
60 67 260 267 661 666 863 864
60 71 461 470 662 669 864 867
60 74 253 281 645 689 842 892
60 79 261 278 664 675 867 872
60 95 252 303 446 509 641 714
60 97 242 315 621 736 813 944
60 110 263 307 671 699 878 892
60 121 264 317 675 706 888 893
60 133 265 328 471 522 679 714
60 191 268 383 689 762 907 944
60 203 256 614 645 827 832
61 62 259 264 658 665 858 865
61 62 260 263 460 463 661 662
61 63 260 264 660 664 861 863
61 64 259 266 458 467 857 868
61 66 248 279 637 690 833 894
61 66 258 269 655 672 854 873
61 68 261 268 662 667 864 865
61 72 462 471 663 670 865 868
61 75 254 282 646 690 843 893
61 80 262 279 665 676 868 873
61 96 253 304 447 510 642 715
61 98 243 316 622 737 814 945
61 111 264 308 672 700 879 893
61 122 265 318 676 707 889 894
61 134 266 329 472 523 680 715
61 192 269 384 690 763 908 945
62 63 260 265 659 666 859 866
62 63 261 264 461 464 662 663
62 64 261 265 661 665 862 864
62 65 260 267 459 468 858 869
62 67 249 280 638 691 834 895
62 67 259 270 656 673 855 874
62 69 262 269 663 668 865 866
62 73 463 472 664 671 866 869
62 76 255 283 647 691 844 894
62 81 263 280 666 677 869 874
62 97 254 305 448 511 643 716
62 99 244 317 623 738 815 946
62 112 265 309 673 701 880 894
62 123 266 319 677 708 890 895
62 135 267 330 473 524 681 716
62 193 270 385 691 764 909 946
63 64 261 266 660 667 860 867
63 64 262 265 462 465 663 664
63 65 262 266 662 666 863 865
63 66 261 268 460 469 859 870
63 68 250 281 639 692 835 896
63 68 260 271 657 674 856 875
63 70 263 270 664 669 866 867
63 74 464 473 665 672 867 870
63 77 256 284 648 692 845 895
63 82 264 281 667 678 870 875
63 98 255 306 449 512 644 717
63 100 245 318 624 739 816 947
63 113 266 310 674 702 881 895
63 124 267 320 678 709 891 896
63 136 268 331 474 525 682 717
63 194 271 386 692 765 910 947
64 65 262 267 661 668 861 868
64 65 263 266 463 466 664 665
64 66 263 267 663 667 864 866
64 67 262 269 461 470 860 871
64 69 251 282 640 693 836 897
64 69 261 272 658 675 857 876
64 71 264 271 665 670 867 868
64 75 465 474 666 673 868 871
64 78 257 285 649 693 846 896
64 83 265 282 668 679 871 876
64 99 256 307 450 513 645 718
64 101 246 319 625 740 817 948
64 114 267 311 675 703 882 896
64 125 268 321 679 710 892 897
64 137 269 332 475 526 683 718
64 195 272 387 693 766 911 948
65 66 263 268 662 669 862 869
65 66 264 267 464 467 665 666
65 67 264 268 664 668 865 867
65 68 263 270 462 471 861 872
65 70 252 283 641 694 837 898
65 70 262 273 659 676 858 877
65 72 265 272 666 671 868 869
65 76 466 475 667 674 869 872
65 79 258 286 650 694 847 897
65 84 266 283 669 680 872 877
65 100 257 308 451 514 646 719
65 102 247 320 626 741 818 949
65 115 268 312 676 704 883 897
65 126 269 322 680 711 893 898
65 138 270 333 476 527 684 719
65 196 273 388 694 767 912 949
66 67 264 269 663 670 863 870
66 67 265 268 465 468 666 667
66 68 265 269 665 669 866 868
66 69 264 271 463 472 862 873
66 71 253 284 642 695 838 899
66 71 263 274 660 677 859 878
66 73 266 273 667 672 869 870
66 77 467 476 668 675 870 873
66 80 259 287 651 695 848 898
66 85 267 284 670 681 873 878
66 101 258 309 452 515 647 720
66 103 248 321 627 742 819 950
66 116 269 313 677 705 884 898
66 127 270 323 681 712 894 899
66 139 271 334 477 528 685 720
66 197 274 389 695 768 913 950
67 68 265 270 664 671 864 871
67 68 266 269 466 469 667 668
67 69 266 270 666 670 867 869
67 70 265 272 464 473 863 874
67 72 254 285 643 696 839 900
67 72 264 275 661 678 860 879
67 74 267 274 668 673 870 871
67 78 468 477 669 676 871 874
67 81 260 288 652 696 849 899
67 86 268 285 671 682 874 879
67 102 259 310 453 516 648 721
67 104 249 322 628 743 820 951
67 117 270 314 678 706 885 899
67 128 271 324 682 713 895 900
67 140 272 335 478 529 686 721
67 198 275 390 696 769 914 951
68 69 266 271 665 672 865 872
68 69 267 270 467 470 668 669
68 70 267 271 667 671 868 870
68 71 266 273 465 474 864 875
68 73 255 286 644 697 840 901
68 73 265 276 662 679 861 880
68 75 268 275 669 674 871 872
68 79 469 478 670 677 872 875
68 82 261 289 653 697 850 900
68 87 269 286 672 683 875 880
68 103 260 311 454 517 649 722
68 105 250 323 629 744 821 952
68 118 271 315 679 707 886 900
68 129 272 325 683 714 896 901
68 141 273 336 479 530 687 722
68 199 276 391 697 770 915 952
68 200 263 406 457 614 649
69 70 267 272 666 673 866 873
69 70 268 271 468 471 669 670
69 71 268 272 668 672 869 871
69 72 267 274 466 475 865 876
69 74 256 287 645 698 841 902
69 74 266 277 663 680 862 881
69 76 269 276 670 675 872 873
69 80 470 479 671 678 873 876
69 83 262 290 654 698 851 901
69 88 270 287 673 684 876 881
69 104 261 312 455 518 650 723
69 106 251 324 630 745 822 953
69 119 272 316 680 708 887 901
69 130 273 326 684 715 897 902
69 142 274 337 480 531 688 723
69 201 264 407 458 615 650
69 277 392 698 771 916 953
70 71 268 273 667 674 867 874
70 71 269 272 469 472 670 671
70 72 269 273 669 673 870 872
70 73 268 275 467 476 866 877
70 75 257 288 646 699 842 903
70 75 267 278 664 681 863 882
70 77 270 277 671 676 873 874
70 81 471 480 672 679 874 877
70 84 263 291 655 699 852 902
70 89 271 288 674 685 877 882
70 105 262 313 456 519 651 724
70 107 252 325 631 746 823 954
70 120 273 317 681 709 888 902
70 131 274 327 685 716 898 903
70 143 275 338 481 532 689 724
70 202 265 408 459 616 651
70 278 393 699 772 917 954
71 72 269 274 668 675 868 875
71 72 270 273 470 473 671 672
71 73 270 274 670 674 871 873
71 74 269 276 468 477 867 878
71 76 258 289 647 700 843 904
71 76 268 279 665 682 864 883
71 78 271 278 672 677 874 875
71 82 472 481 673 680 875 878
71 85 264 292 656 700 853 903
71 90 272 289 675 686 878 883
71 106 263 314 457 520 652 725
71 108 253 326 632 747 824 955
71 121 274 318 682 710 889 903
71 132 275 328 686 717 899 904
71 144 276 339 482 533 690 725
71 203 266 409 460 617 652
71 279 394 700 773 918 955
72 73 270 275 669 676 869 876
72 73 271 274 471 474 672 673
72 74 271 275 671 675 872 874
72 75 270 277 469 478 868 879
72 77 259 290 648 701 844 905
72 77 269 280 666 683 865 884
72 79 272 279 673 678 875 876
72 83 473 482 674 681 876 879
72 86 265 293 657 701 854 904
72 91 273 290 676 687 879 884
72 107 264 315 458 521 653 726
72 109 254 327 633 748 825 956
72 122 275 319 683 711 890 904
72 133 276 329 687 718 900 905
72 145 277 340 483 534 691 726
72 204 267 410 461 618 653
72 280 395 701 774 919 956
73 74 271 276 670 677 870 877
73 74 272 275 472 475 673 674
73 75 272 276 672 676 873 875
73 76 271 278 470 479 869 880
73 78 260 291 649 702 845 906
73 78 270 281 667 684 866 885
73 80 273 280 674 679 876 877
73 84 474 483 675 682 877 880
73 87 266 294 658 702 855 905
73 92 274 291 677 688 880 885
73 108 265 316 459 522 654 727
73 110 255 328 634 749 826 957
73 123 276 320 684 712 891 905
73 134 277 330 688 719 901 906
73 146 278 341 484 535 692 727
73 281 396 702 775 920 957
74 75 272 277 671 678 871 878
74 75 273 276 473 476 674 675
74 76 273 277 673 677 874 876
74 77 272 279 471 480 870 881
74 79 261 292 650 703 846 907
74 79 271 282 668 685 867 886
74 81 274 281 675 680 877 878
74 85 475 484 676 683 878 881
74 88 267 295 659 703 856 906
74 93 275 292 678 689 881 886
74 109 266 317 460 523 655 728
74 111 256 329 635 750 827 958
74 124 277 321 685 713 892 906
74 135 278 331 689 720 902 907
74 147 279 342 485 536 693 728
74 282 397 703 776 921 958
75 76 273 278 672 679 872 879
75 76 274 277 474 477 675 676
75 77 274 278 674 678 875 877
75 78 273 280 472 481 871 882
75 80 262 293 651 704 847 908
75 80 272 283 669 686 868 887
75 82 275 282 676 681 878 879
75 86 476 485 677 684 879 882
75 89 268 296 660 704 857 907
75 94 276 293 679 690 882 887
75 110 267 318 461 524 656 729
75 112 257 330 636 751 828 959
75 125 278 322 686 714 893 907
75 136 279 332 690 721 903 908
75 148 280 343 486 537 694 729
75 283 398 704 777 922 959
76 77 274 279 673 680 873 880
76 77 275 278 475 478 676 677
76 78 275 279 675 679 876 878
76 79 274 281 473 482 872 883
76 81 263 294 652 705 848 909
76 81 273 284 670 687 869 888
76 83 276 283 677 682 879 880
76 87 477 486 678 685 880 883
76 90 269 297 661 705 858 908
76 95 277 294 680 691 883 888
76 111 268 319 462 525 657 730
76 113 258 331 637 752 829 960
76 126 279 323 687 715 894 908
76 137 280 333 691 722 904 909
76 149 281 344 487 538 695 730
76 284 399 705 778 923 960
77 78 275 280 674 681 874 881
77 78 276 279 476 479 677 678
77 79 276 280 676 680 877 879
77 80 275 282 474 483 873 884
77 82 264 295 653 706 849 910
77 82 274 285 671 688 870 889
77 84 277 284 678 683 880 881
77 88 478 487 679 686 881 884
77 91 270 298 662 706 859 909
77 96 278 295 681 692 884 889
77 112 269 320 463 526 658 731
77 114 259 332 638 753 830 961
77 127 280 324 688 716 895 909
77 138 281 334 692 723 905 910
77 150 282 345 488 539 696 731
78 79 276 281 675 682 875 882
78 79 277 280 477 480 678 679
78 80 277 281 677 681 878 880
78 81 276 283 475 484 874 885
78 83 265 296 654 707 850 911
78 83 275 286 672 689 871 890
78 85 278 285 679 684 881 882
78 89 479 488 680 687 882 885
78 92 271 299 663 707 860 910
78 97 279 296 682 693 885 890
78 113 270 321 464 527 659 732
78 115 260 333 639 754 831 962
78 128 281 325 689 717 896 910
78 139 282 335 693 724 906 911
78 151 283 346 489 540 697 732
79 80 277 282 676 683 876 883
79 80 278 281 478 481 679 680
79 81 278 282 678 682 879 881
79 82 277 284 476 485 875 886
79 84 266 297 655 708 851 912
79 84 276 287 673 690 872 891
79 86 279 286 680 685 882 883
79 90 480 489 681 688 883 886
79 93 272 300 664 708 861 911
79 98 280 297 683 694 886 891
79 114 271 322 465 528 660 733
79 116 261 334 640 755 832 963
79 129 282 326 690 718 897 911
79 140 283 336 694 725 907 912
79 152 284 347 490 541 698 733
80 81 278 283 677 684 877 884
80 81 279 282 479 482 680 681
80 82 279 283 679 683 880 882
80 83 278 285 477 486 876 887
80 85 267 298 656 709 852 913
80 85 277 288 674 691 873 892
80 87 280 287 681 686 883 884
80 91 481 490 682 689 884 887
80 94 273 301 665 709 862 912
80 99 281 298 684 695 887 892
80 115 272 323 466 529 661 734
80 117 262 335 641 756 833 964
80 130 283 327 691 719 898 912
80 141 284 337 695 726 908 913
80 153 285 348 491 542 699 734
81 82 279 284 678 685 878 885
81 82 280 283 480 483 681 682
81 83 280 284 680 684 881 883
81 84 279 286 478 487 877 888
81 86 268 299 657 710 853 914
81 86 278 289 675 692 874 893
81 88 281 288 682 687 884 885
81 92 482 491 683 690 885 888
81 95 274 302 666 710 863 913
81 100 282 299 685 696 888 893
81 116 273 324 467 530 662 735
81 118 263 336 642 757 834 965
81 131 284 328 692 720 899 913
81 142 285 338 696 727 909 914
81 154 286 349 492 543 700 735
82 83 280 285 679 686 879 886
82 83 281 284 481 484 682 683
82 84 281 285 681 685 882 884
82 85 280 287 479 488 878 889
82 87 269 300 658 711 854 915
82 87 279 290 676 693 875 894
82 89 282 289 683 688 885 886
82 93 483 492 684 691 886 889
82 96 275 303 667 711 864 914
82 101 283 300 686 697 889 894
82 117 274 325 468 531 663 736
82 119 264 337 643 758 835 966
82 132 285 329 693 721 900 914
82 143 286 339 697 728 910 915
82 155 287 350 493 544 701 736
83 84 281 286 680 687 880 887
83 84 282 285 482 485 683 684
83 85 282 286 682 686 883 885
83 86 281 288 480 489 879 890
83 88 270 301 659 712 855 916
83 88 280 291 677 694 876 895
83 90 283 290 684 689 886 887
83 94 484 493 685 692 887 890
83 97 276 304 668 712 865 915
83 102 284 301 687 698 890 895
83 118 275 326 469 532 664 737
83 120 265 338 644 759 836 967
83 133 286 330 694 722 901 915
83 144 287 340 698 729 911 916
83 156 288 351 494 545 702 737
84 85 282 287 681 688 881 888
84 85 283 286 483 486 684 685
84 86 283 287 683 687 884 886
84 87 282 289 481 490 880 891
84 89 271 302 660 713 856 917
84 89 281 292 678 695 877 896
84 91 284 291 685 690 887 888
84 95 485 494 686 693 888 891
84 98 277 305 669 713 866 916
84 103 285 302 688 699 891 896
84 119 276 327 470 533 665 738
84 121 266 339 645 760 837 968
84 134 287 331 695 723 902 916
84 145 288 341 699 730 912 917
84 157 289 352 495 546 703 738
85 86 283 288 682 689 882 889
85 86 284 287 484 487 685 686
85 87 284 288 684 688 885 887
85 88 283 290 482 491 881 892
85 90 272 303 661 714 857 918
85 90 282 293 679 696 878 897
85 92 285 292 686 691 888 889
85 96 486 495 687 694 889 892
85 99 278 306 670 714 867 917
85 104 286 303 689 700 892 897
85 120 277 328 471 534 666 739
85 122 267 340 646 761 838 969
85 135 288 332 696 724 903 917
85 146 289 342 700 731 913 918
85 158 290 353 496 547 704 739
86 87 284 289 683 690 883 890
86 87 285 288 485 488 686 687
86 88 285 289 685 689 886 888
86 89 284 291 483 492 882 893
86 91 273 304 662 715 858 919
86 91 283 294 680 697 879 898
86 93 286 293 687 692 889 890
86 97 487 496 688 695 890 893
86 100 279 307 671 715 868 918
86 105 287 304 690 701 893 898
86 121 278 329 472 535 667 740
86 123 268 341 647 762 839 970
86 136 289 333 697 725 904 918
86 147 290 343 701 732 914 919
86 159 291 354 497 548 705 740
87 88 285 290 684 691 884 891
87 88 286 289 486 489 687 688
87 89 286 290 686 690 887 889
87 90 285 292 484 493 883 894
87 92 274 305 663 716 859 920
87 92 284 295 681 698 880 899
87 94 287 294 688 693 890 891
87 98 488 497 689 696 891 894
87 101 280 308 672 716 869 919
87 106 288 305 691 702 894 899
87 122 279 330 473 536 668 741
87 124 269 342 648 763 840 971
87 137 290 334 698 726 905 919
87 148 291 344 702 733 915 920
87 160 292 355 498 549 706 741
88 89 286 291 685 692 885 892
88 89 287 290 487 490 688 689
88 90 287 291 687 691 888 890
88 91 286 293 485 494 884 895
88 93 275 306 664 717 860 921
88 93 285 296 682 699 881 900
88 95 288 295 689 694 891 892
88 99 489 498 690 697 892 895
88 102 281 309 673 717 870 920
88 107 289 306 692 703 895 900
88 123 280 331 474 537 669 742
88 125 270 343 649 764 841 972
88 138 291 335 699 727 906 920
88 149 292 345 703 734 916 921
88 161 293 356 499 550 707 742
89 90 287 292 686 693 886 893
89 90 288 291 488 491 689 690
89 91 288 292 688 692 889 891
89 92 287 294 486 495 885 896
89 94 276 307 665 718 861 922
89 94 286 297 683 700 882 901
89 96 289 296 690 695 892 893
89 100 490 499 691 698 893 896
89 103 282 310 674 718 871 921
89 108 290 307 693 704 896 901
89 124 281 332 475 538 670 743
89 126 271 344 650 765 842 973
89 139 292 336 700 728 907 921
89 150 293 346 704 735 917 922
89 162 294 357 500 551 708 743
90 91 288 293 687 694 887 894
90 91 289 292 489 492 690 691
90 92 289 293 689 693 890 892
90 93 288 295 487 496 886 897
90 95 277 308 666 719 862 923
90 95 287 298 684 701 883 902
90 97 290 297 691 696 893 894
90 101 491 500 692 699 894 897
90 104 283 311 675 719 872 922
90 109 291 308 694 705 897 902
90 125 282 333 476 539 671 744
90 127 272 345 651 766 843 974
90 140 293 337 701 729 908 922
90 151 294 347 705 736 918 923
90 163 295 358 501 552 709 744
91 92 289 294 688 695 888 895
91 92 290 293 490 493 691 692
91 93 290 294 690 694 891 893
91 94 289 296 488 497 887 898
91 96 278 309 667 720 863 924
91 96 288 299 685 702 884 903
91 98 291 298 692 697 894 895
91 102 492 501 693 700 895 898
91 105 284 312 676 720 873 923
91 110 292 309 695 706 898 903
91 126 283 334 477 540 672 745
91 128 273 346 652 767 844 975
91 141 294 338 702 730 909 923
91 152 295 348 706 737 919 924
91 164 296 359 502 553 710 745
92 93 290 295 689 696 889 896
92 93 291 294 491 494 692 693
92 94 291 295 691 695 892 894
92 95 290 297 489 498 888 899
92 97 279 310 668 721 864 925
92 97 289 300 686 703 885 904
92 99 292 299 693 698 895 896
92 103 493 502 694 701 896 899
92 106 285 313 677 721 874 924
92 111 293 310 696 707 899 904
92 127 284 335 478 541 673 746
92 129 274 347 653 768 845 976
92 142 295 339 703 731 910 924
92 153 296 349 707 738 920 925
92 165 297 360 503 554 711 746
93 94 291 296 690 697 890 897
93 94 292 295 492 495 693 694
93 95 292 296 692 696 893 895
93 96 291 298 490 499 889 900
93 98 280 311 669 722 865 926
93 98 290 301 687 704 886 905
93 100 293 300 694 699 896 897
93 104 494 503 695 702 897 900
93 107 286 314 678 722 875 925
93 112 294 311 697 708 900 905
93 128 285 336 479 542 674 747
93 130 275 348 654 769 846 977
93 143 296 340 704 732 911 925
93 154 297 350 708 739 921 926
93 166 298 361 504 555 712 747
94 95 292 297 691 698 891 898
94 95 293 296 493 496 694 695
94 96 293 297 693 697 894 896
94 97 292 299 491 500 890 901
94 99 281 312 670 723 866 927
94 99 291 302 688 705 887 906
94 101 294 301 695 700 897 898
94 105 495 504 696 703 898 901
94 108 287 315 679 723 876 926
94 113 295 312 698 709 901 906
94 129 286 337 480 543 675 748
94 131 276 349 655 770 847 978
94 144 297 341 705 733 912 926
94 155 298 351 709 740 922 927
94 167 299 362 505 556 713 748
95 96 293 298 692 699 892 899
95 96 294 297 494 497 695 696
95 97 294 298 694 698 895 897
95 98 293 300 492 501 891 902
95 100 282 313 671 724 867 928
95 100 292 303 689 706 888 907
95 102 295 302 696 701 898 899
95 106 496 505 697 704 899 902
95 109 288 316 680 724 877 927
95 114 296 313 699 710 902 907
95 130 287 338 481 544 676 749
95 132 277 350 656 771 848 979
95 145 298 342 706 734 913 927
95 156 299 352 710 741 923 928
95 168 300 363 506 557 714 749
96 97 294 299 693 700 893 900
96 97 295 298 495 498 696 697
96 98 295 299 695 699 896 898
96 99 294 301 493 502 892 903
96 101 283 314 672 725 868 929
96 101 293 304 690 707 889 908
96 103 296 303 697 702 899 900
96 107 497 506 698 705 900 903
96 110 289 317 681 725 878 928
96 115 297 314 700 711 903 908
96 131 288 339 482 545 677 750
96 133 278 351 657 772 849 980
96 146 299 343 707 735 914 928
96 157 300 353 711 742 924 929
96 169 301 364 507 558 715 750
97 98 295 300 694 701 894 901
97 98 296 299 496 499 697 698
97 99 296 300 696 700 897 899
97 100 295 302 494 503 893 904
97 102 284 315 673 726 869 930
97 102 294 305 691 708 890 909
97 104 297 304 698 703 900 901
97 108 498 507 699 706 901 904
97 111 290 318 682 726 879 929
97 116 298 315 701 712 904 909
97 132 289 340 483 546 678 751
97 134 279 352 658 773 850 981
97 147 300 344 708 736 915 929
97 158 301 354 712 743 925 930
97 170 302 365 508 559 716 751
98 99 296 301 695 702 895 902
98 99 297 300 497 500 698 699
98 100 297 301 697 701 898 900
98 101 296 303 495 504 894 905
98 103 285 316 674 727 870 931
98 103 295 306 692 709 891 910
98 105 298 305 699 704 901 902
98 109 499 508 700 707 902 905
98 112 291 319 683 727 880 930
98 117 299 316 702 713 905 910
98 133 290 341 484 547 679 752
98 135 280 353 659 774 851 982
98 148 301 345 709 737 916 930
98 159 302 355 713 744 926 931
98 171 303 366 509 560 717 752
99 100 297 302 696 703 896 903
99 100 298 301 498 501 699 700
99 101 298 302 698 702 899 901
99 102 297 304 496 505 895 906
99 104 286 317 675 728 871 932
99 104 296 307 693 710 892 911
99 106 299 306 700 705 902 903
99 110 500 509 701 708 903 906
99 113 292 320 684 728 881 931
99 118 300 317 703 714 906 911
99 134 291 342 485 548 680 753
99 136 281 354 660 775 852 983
99 149 302 346 710 738 917 931
99 160 303 356 714 745 927 932
99 172 304 367 510 561 718 753
100 101 298 303 697 704 897 904
100 101 299 302 499 502 700 701
100 102 299 303 699 703 900 902
100 103 298 305 497 506 896 907
100 105 287 318 676 729 872 933
100 105 297 308 694 711 893 912
100 107 300 307 701 706 903 904
100 111 501 510 702 709 904 907
100 114 293 321 685 729 882 932
100 119 301 318 704 715 907 912
100 135 292 343 486 549 681 754
100 137 282 355 661 776 853 984
100 150 303 347 711 739 918 932
100 161 304 357 715 746 928 933
100 173 305 368 511 562 719 754
101 102 299 304 698 705 898 905
101 102 300 303 500 503 701 702
101 103 300 304 700 704 901 903
101 104 299 306 498 507 897 908
101 106 288 319 677 730 873 934
101 106 298 309 695 712 894 913
101 108 301 308 702 707 904 905
101 112 502 511 703 710 905 908
101 115 294 322 686 730 883 933
101 120 302 319 705 716 908 913
101 136 293 344 487 550 682 755
101 138 283 356 662 777 854 985
101 151 304 348 712 740 919 933
101 162 305 358 716 747 929 934
101 174 306 369 512 563 720 755
102 103 300 305 699 706 899 906
102 103 301 304 501 504 702 703
102 104 301 305 701 705 902 904
102 105 300 307 499 508 898 909
102 107 289 320 678 731 874 935
102 107 299 310 696 713 895 914
102 109 302 309 703 708 905 906
102 113 503 512 704 711 906 909
102 116 295 323 687 731 884 934
102 121 303 320 706 717 909 914
102 137 294 345 488 551 683 756
102 139 284 357 663 778 855 986
102 152 305 349 713 741 920 934
102 163 306 359 717 748 930 935
102 175 307 370 513 564 721 756
103 104 301 306 700 707 900 907
103 104 302 305 502 505 703 704
103 105 302 306 702 706 903 905
103 106 301 308 500 509 899 910
103 108 290 321 679 732 875 936
103 108 300 311 697 714 896 915
103 110 303 310 704 709 906 907
103 114 504 513 705 712 907 910
103 117 296 324 688 732 885 935
103 122 304 321 707 718 910 915
103 138 295 346 489 552 684 757
103 140 285 358 664 779 856 987
103 153 306 350 714 742 921 935
103 164 307 360 718 749 931 936
103 176 308 371 514 565 722 757
104 105 302 307 701 708 901 908
104 105 303 306 503 506 704 705
104 106 303 307 703 707 904 906
104 107 302 309 501 510 900 911
104 109 291 322 680 733 876 937
104 109 301 312 698 715 897 916
104 111 304 311 705 710 907 908
104 115 505 514 706 713 908 911
104 118 297 325 689 733 886 936
104 123 305 322 708 719 911 916
104 139 296 347 490 553 685 758
104 141 286 359 665 780 857 988
104 154 307 351 715 743 922 936
104 165 308 361 719 750 932 937
104 177 309 372 515 566 723 758
105 106 303 308 702 709 902 909
105 106 304 307 504 507 705 706
105 107 304 308 704 708 905 907
105 108 303 310 502 511 901 912
105 110 292 323 681 734 877 938
105 110 302 313 699 716 898 917
105 112 305 312 706 711 908 909
105 116 506 515 707 714 909 912
105 119 298 326 690 734 887 937
105 124 306 323 709 720 912 917
105 140 297 348 491 554 686 759
105 142 287 360 666 781 858 989
105 155 308 352 716 744 923 937
105 166 309 362 720 751 933 938
105 178 310 373 516 567 724 759
106 107 304 309 703 710 903 910
106 107 305 308 505 508 706 707
106 108 305 309 705 709 906 908
106 109 304 311 503 512 902 913
106 111 293 324 682 735 878 939
106 111 303 314 700 717 899 918
106 113 306 313 707 712 909 910
106 117 507 516 708 715 910 913
106 120 299 327 691 735 888 938
106 125 307 324 710 721 913 918
106 141 298 349 492 555 687 760
106 143 288 361 667 782 859 990
106 156 309 353 717 745 924 938
106 167 310 363 721 752 934 939
106 179 311 374 517 568 725 760
107 108 305 310 704 711 904 911
107 108 306 309 506 509 707 708
107 109 306 310 706 710 907 909
107 110 305 312 504 513 903 914
107 112 294 325 683 736 879 940
107 112 304 315 701 718 900 919
107 114 307 314 708 713 910 911
107 118 508 517 709 716 911 914
107 121 300 328 692 736 889 939
107 126 308 325 711 722 914 919
107 142 299 350 493 556 688 761
107 144 289 362 668 783 860 991
107 157 310 354 718 746 925 939
107 168 311 364 722 753 935 940
107 180 312 375 518 569 726 761
108 109 306 311 705 712 905 912
108 109 307 310 507 510 708 709
108 110 307 311 707 711 908 910
108 111 306 313 505 514 904 915
108 113 295 326 684 737 880 941
108 113 305 316 702 719 901 920
108 115 308 315 709 714 911 912
108 119 509 518 710 717 912 915
108 122 301 329 693 737 890 940
108 127 309 326 712 723 915 920
108 143 300 351 494 557 689 762
108 145 290 363 669 784 861 992
108 158 311 355 719 747 926 940
108 169 312 365 723 754 936 941
108 181 313 376 519 570 727 762
109 110 307 312 706 713 906 913
109 110 308 311 508 511 709 710
109 111 308 312 708 712 909 911
109 112 307 314 506 515 905 916
109 114 296 327 685 738 881 942
109 114 306 317 703 720 902 921
109 116 309 316 710 715 912 913
109 120 510 519 711 718 913 916
109 123 302 330 694 738 891 941
109 128 310 327 713 724 916 921
109 144 301 352 495 558 690 763
109 146 291 364 670 785 862 993
109 159 312 356 720 748 927 941
109 170 313 366 724 755 937 942
109 182 314 377 520 571 728 763
110 111 308 313 707 714 907 914
110 111 309 312 509 512 710 711
110 112 309 313 709 713 910 912
110 113 308 315 507 516 906 917
110 115 297 328 686 739 882 943
110 115 307 318 704 721 903 922
110 117 310 317 711 716 913 914
110 121 511 520 712 719 914 917
110 124 303 331 695 739 892 942
110 129 311 328 714 725 917 922
110 145 302 353 496 559 691 764
110 147 292 365 671 786 863 994
110 160 313 357 721 749 928 942
110 171 314 367 725 756 938 943
110 183 315 378 521 572 729 764
111 112 309 314 708 715 908 915
111 112 310 313 510 513 711 712
111 113 310 314 710 714 911 913
111 114 309 316 508 517 907 918
111 116 298 329 687 740 883 944
111 116 308 319 705 722 904 923
111 118 311 318 712 717 914 915
111 122 512 521 713 720 915 918
111 125 304 332 696 740 893 943
111 130 312 329 715 726 918 923
111 146 303 354 497 560 692 765
111 148 293 366 672 787 864 995
111 161 314 358 722 750 929 943
111 172 315 368 726 757 939 944
111 184 316 379 522 573 730 765
112 113 310 315 709 716 909 916
112 113 311 314 511 514 712 713
112 114 311 315 711 715 912 914
112 115 310 317 509 518 908 919
112 117 299 330 688 741 884 945
112 117 309 320 706 723 905 924
112 119 312 319 713 718 915 916
112 123 513 522 714 721 916 919
112 126 305 333 697 741 894 944
112 131 313 330 716 727 919 924
112 147 304 355 498 561 693 766
112 149 294 367 673 788 865 996
112 162 315 359 723 751 930 944
112 173 316 369 727 758 940 945
112 185 317 380 523 574 731 766
113 114 311 316 710 717 910 917
113 114 312 315 512 515 713 714
113 115 312 316 712 716 913 915
113 116 311 318 510 519 909 920
113 118 300 331 689 742 885 946
113 118 310 321 707 724 906 925
113 120 313 320 714 719 916 917
113 124 514 523 715 722 917 920
113 127 306 334 698 742 895 945
113 132 314 331 717 728 920 925
113 148 305 356 499 562 694 767
113 150 295 368 674 789 866 997
113 163 316 360 724 752 931 945
113 174 317 370 728 759 941 946
113 186 318 381 524 575 732 767
114 115 312 317 711 718 911 918
114 115 313 316 513 516 714 715
114 116 313 317 713 717 914 916
114 117 312 319 511 520 910 921
114 119 301 332 690 743 886 947
114 119 311 322 708 725 907 926
114 121 314 321 715 720 917 918
114 125 515 524 716 723 918 921
114 128 307 335 699 743 896 946
114 133 315 332 718 729 921 926
114 149 306 357 500 563 695 768
114 151 296 369 675 790 867 998
114 164 317 361 725 753 932 946
114 175 318 371 729 760 942 947
114 187 319 382 525 576 733 768
115 116 313 318 712 719 912 919
115 116 314 317 514 517 715 716
115 117 314 318 714 718 915 917
115 118 313 320 512 521 911 922
115 120 302 333 691 744 887 948
115 120 312 323 709 726 908 927
115 122 315 322 716 721 918 919
115 126 516 525 717 724 919 922
115 129 308 336 700 744 897 947
115 134 316 333 719 730 922 927
115 150 307 358 501 564 696 769
115 152 297 370 676 791 868 999
115 165 318 362 726 754 933 947
115 176 319 372 730 761 943 948
115 188 320 383 526 577 734 769
116 117 314 319 713 720 913 920
116 117 315 318 515 518 716 717
116 118 315 319 715 719 916 918
116 119 314 321 513 522 912 923
116 121 303 334 692 745 888 949
116 121 313 324 710 727 909 928
116 123 316 323 717 722 919 920
116 127 517 526 718 725 920 923
116 130 309 337 701 745 898 948
116 135 317 334 720 731 923 928
116 151 308 359 502 565 697 770
116 153 298 371 677 792 869
116 166 319 363 727 755 934 948
116 177 320 373 731 762 944 949
116 189 321 384 527 578 735 770
117 118 315 320 714 721 914 921
117 118 316 319 516 519 717 718
117 119 316 320 716 720 917 919
117 120 315 322 514 523 913 924
117 122 304 335 693 746 889 950
117 122 314 325 711 728 910 929
117 124 317 324 718 723 920 921
117 128 518 527 719 726 921 924
117 131 310 338 702 746 899 949
117 136 318 335 721 732 924 929
117 152 309 360 503 566 698 771
117 154 299 372 678 793 870
117 167 320 364 728 756 935 949
117 178 321 374 732 763 945 950
117 190 322 385 528 579 736 771
118 119 316 321 715 722 915 922
118 119 317 320 517 520 718 719
118 120 317 321 717 721 918 920
118 121 316 323 515 524 914 925
118 123 305 336 694 747 890 951
118 123 315 326 712 729 911 930
118 125 318 325 719 724 921 922
118 129 519 528 720 727 922 925
118 132 311 339 703 747 900 950
118 137 319 336 722 733 925 930
118 153 310 361 504 567 699 772
118 155 300 373 679 794 871
118 168 321 365 729 757 936 950
118 179 322 375 733 764 946 951
118 191 323 386 529 580 737 772
119 120 317 322 716 723 916 923
119 120 318 321 518 521 719 720
119 121 318 322 718 722 919 921
119 122 317 324 516 525 915 926
119 124 306 337 695 748 891 952
119 124 316 327 713 730 912 931
119 126 319 326 720 725 922 923
119 130 520 529 721 728 923 926
119 133 312 340 704 748 901 951
119 138 320 337 723 734 926 931
119 154 311 362 505 568 700 773
119 156 301 374 680 795 872
119 169 322 366 730 758 937 951
119 180 323 376 734 765 947 952
119 192 324 387 530 581 738 773
120 121 318 323 717 724 917 924
120 121 319 322 519 522 720 721
120 122 319 323 719 723 920 922
120 123 318 325 517 526 916 927
120 125 307 338 696 749 892 953
120 125 317 328 714 731 913 932
120 127 320 327 721 726 923 924
120 131 521 530 722 729 924 927
120 134 313 341 705 749 902 952
120 139 321 338 724 735 927 932
120 155 312 363 506 569 701 774
120 157 302 375 681 796 873
120 170 323 367 731 759 938 952
120 181 324 377 735 766 948 953
120 193 325 388 531 582 739 774
121 122 319 324 718 725 918 925
121 122 320 323 520 523 721 722
121 123 320 324 720 724 921 923
121 124 319 326 518 527 917 928
121 126 308 339 697 750 893 954
121 126 318 329 715 732 914 933
121 128 321 328 722 727 924 925
121 132 522 531 723 730 925 928
121 135 314 342 706 750 903 953
121 140 322 339 725 736 928 933
121 156 313 364 507 570 702 775
121 158 303 376 682 797 874
121 171 324 368 732 760 939 953
121 182 325 378 736 767 949 954
121 194 326 389 532 583 740 775
122 123 320 325 719 726 919 926
122 123 321 324 521 524 722 723
122 124 321 325 721 725 922 924
122 125 320 327 519 528 918 929
122 127 309 340 698 751 894 955
122 127 319 330 716 733 915 934
122 129 322 329 723 728 925 926
122 133 523 532 724 731 926 929
122 136 315 343 707 751 904 954
122 141 323 340 726 737 929 934
122 157 314 365 508 571 703 776
122 159 304 377 683 798 875
122 172 325 369 733 761 940 954
122 183 326 379 737 768 950 955
122 195 327 390 533 584 741 776
123 124 321 326 720 727 920 927
123 124 322 325 522 525 723 724
123 125 322 326 722 726 923 925
123 126 321 328 520 529 919 930
123 128 310 341 699 752 895 956
123 128 320 331 717 734 916 935
123 130 323 330 724 729 926 927
123 134 524 533 725 732 927 930
123 137 316 344 708 752 905 955
123 142 324 341 727 738 930 935
123 158 315 366 509 572 704 777
123 160 305 378 684 799 876
123 173 326 370 734 762 941 955
123 184 327 380 738 769 951 956
123 196 328 391 534 585 742 777
123 200 315 621 694 839 876
124 125 322 327 721 728 921 928
124 125 323 326 523 526 724 725
124 126 323 327 723 727 924 926
124 127 322 329 521 530 920 931
124 129 311 342 700 753 896 957
124 129 321 332 718 735 917 936
124 131 324 331 725 730 927 928
124 135 525 534 726 733 928 931
124 138 317 345 709 753 906 956
124 143 325 342 728 739 931 936
124 159 316 367 510 573 705 778
124 174 327 371 735 763 942 956
124 185 328 381 739 770 952 957
124 197 329 392 535 586 743 778
124 201 316 622 695 840 877
125 126 323 328 722 729 922 929
125 126 324 327 524 527 725 726
125 127 324 328 724 728 925 927
125 128 323 330 522 531 921 932
125 130 312 343 701 754 897 958
125 130 322 333 719 736 918 937
125 132 325 332 726 731 928 929
125 136 526 535 727 734 929 932
125 139 318 346 710 754 907 957
125 144 326 343 729 740 932 937
125 160 317 368 511 574 706 779
125 175 328 372 736 764 943 957
125 186 329 382 740 771 953 958
125 198 330 393 536 587 744 779
125 202 317 623 696 841 878
126 127 324 329 723 730 923 930
126 127 325 328 525 528 726 727
126 128 325 329 725 729 926 928
126 129 324 331 523 532 922 933
126 131 313 344 702 755 898 959
126 131 323 334 720 737 919 938
126 133 326 333 727 732 929 930
126 137 527 536 728 735 930 933
126 140 319 347 711 755 908 958
126 145 327 344 730 741 933 938
126 161 318 369 512 575 707 780
126 176 329 373 737 765 944 958
126 187 330 383 741 772 954 959
126 199 331 394 537 588 745 780
126 203 318 624 697 842 879
127 128 325 330 724 731 924 931
127 128 326 329 526 529 727 728
127 129 326 330 726 730 927 929
127 130 325 332 524 533 923 934
127 132 314 345 703 756 899 960
127 132 324 335 721 738 920 939
127 134 327 334 728 733 930 931
127 138 528 537 729 736 931 934
127 141 320 348 712 756 909 959
127 146 328 345 731 742 934 939
127 162 319 370 513 576 708 781
127 177 330 374 738 766 945 959
127 188 331 384 742 773 955 960
127 204 319 625 698 843 880
127 332 395 538 589 746 781
128 129 326 331 725 732 925 932
128 129 327 330 527 530 728 729
128 130 327 331 727 731 928 930
128 131 326 333 525 534 924 935
128 133 315 346 704 757 900 961
128 133 325 336 722 739 921 940
128 135 328 335 729 734 931 932
128 139 529 538 730 737 932 935
128 142 321 349 713 757 910 960
128 147 329 346 732 743 935 940
128 163 320 371 514 577 709 782
128 178 331 375 739 767 946 960
128 189 332 385 743 774 956 961
128 205 320 626 699 844 881
128 333 396 539 590 747 782
129 130 327 332 726 733 926 933
129 130 328 331 528 531 729 730
129 131 328 332 728 732 929 931
129 132 327 334 526 535 925 936
129 134 316 347 705 758 901 962
129 134 326 337 723 740 922 941
129 136 329 336 730 735 932 933
129 140 530 539 731 738 933 936
129 143 322 350 714 758 911 961
129 148 330 347 733 744 936 941
129 164 321 372 515 578 710 783
129 179 332 376 740 768 947 961
129 190 333 386 744 775 957 962
129 206 321 627 700 845 882
129 334 397 540 591 748 783
130 131 328 333 727 734 927 934
130 131 329 332 529 532 730 731
130 132 329 333 729 733 930 932
130 133 328 335 527 536 926 937
130 135 317 348 706 759 902 963
130 135 327 338 724 741 923 942
130 137 330 337 731 736 933 934
130 141 531 540 732 739 934 937
130 144 323 351 715 759 912 962
130 149 331 348 734 745 937 942
130 165 322 373 516 579 711 784
130 180 333 377 741 769 948 962
130 191 334 387 745 776 958 963
130 207 322 628 701 846 883
130 335 398 541 592 749 784
131 132 329 334 728 735 928 935
131 132 330 333 530 533 731 732
131 133 330 334 730 734 931 933
131 134 329 336 528 537 927 938
131 136 318 349 707 760 903 964
131 136 328 339 725 742 924 943
131 138 331 338 732 737 934 935
131 142 532 541 733 740 935 938
131 145 324 352 716 760 913 963
131 150 332 349 735 746 938 943
131 166 323 374 517 580 712 785
131 181 334 378 742 770 949 963
131 192 335 388 746 777 959 964
131 336 399 542 593 750 785
132 133 330 335 729 736 929 936
132 133 331 334 531 534 732 733
132 134 331 335 731 735 932 934
132 135 330 337 529 538 928 939
132 137 319 350 708 761 904 965
132 137 329 340 726 743 925 944
132 139 332 339 733 738 935 936
132 143 533 542 734 741 936 939
132 146 325 353 717 761 914 964
132 151 333 350 736 747 939 944
132 167 324 375 518 581 713 786
132 182 335 379 743 771 950 964
132 193 336 389 747 778 960 965
133 134 331 336 730 737 930 937
133 134 332 335 532 535 733 734
133 135 332 336 732 736 933 935
133 136 331 338 530 539 929 940
133 138 320 351 709 762 905 966
133 138 330 341 727 744 926 945
133 140 333 340 734 739 936 937
133 144 534 543 735 742 937 940
133 147 326 354 718 762 915 965
133 152 334 351 737 748 940 945
133 168 325 376 519 582 714 787
133 183 336 380 744 772 951 965
133 194 337 390 748 779 961 966
134 135 332 337 731 738 931 938
134 135 333 336 533 536 734 735
134 136 333 337 733 737 934 936
134 137 332 339 531 540 930 941
134 139 321 352 710 763 906 967
134 139 331 342 728 745 927 946
134 141 334 341 735 740 937 938
134 145 535 544 736 743 938 941
134 148 327 355 719 763 916 966
134 153 335 352 738 749 941 946
134 169 326 377 520 583 715 788
134 184 337 381 745 773 952 966
134 195 338 391 749 780 962 967
135 136 333 338 732 739 932 939
135 136 334 337 534 537 735 736
135 137 334 338 734 738 935 937
135 138 333 340 532 541 931 942
135 140 322 353 711 764 907 968
135 140 332 343 729 746 928 947
135 142 335 342 736 741 938 939
135 146 536 545 737 744 939 942
135 149 328 356 720 764 917 967
135 154 336 353 739 750 942 947
135 170 327 378 521 584 716 789
135 185 338 382 746 774 953 967
135 196 339 392 750 781 963 968
136 137 334 339 733 740 933 940
136 137 335 338 535 538 736 737
136 138 335 339 735 739 936 938
136 139 334 341 533 542 932 943
136 141 323 354 712 765 908 969
136 141 333 344 730 747 929 948
136 143 336 343 737 742 939 940
136 147 537 546 738 745 940 943
136 150 329 357 721 765 918 968
136 155 337 354 740 751 943 948
136 171 328 379 522 585 717 790
136 186 339 383 747 775 954 968
136 197 340 393 751 782 964 969
137 138 335 340 734 741 934 941
137 138 336 339 536 539 737 738
137 139 336 340 736 740 937 939
137 140 335 342 534 543 933 944
137 142 324 355 713 766 909 970
137 142 334 345 731 748 930 949
137 144 337 344 738 743 940 941
137 148 538 547 739 746 941 944
137 151 330 358 722 766 919 969
137 156 338 355 741 752 944 949
137 172 329 380 523 586 718 791
137 187 340 384 748 776 955 969
137 198 341 394 752 783 965 970
138 139 336 341 735 742 935 942
138 139 337 340 537 540 738 739
138 140 337 341 737 741 938 940
138 141 336 343 535 544 934 945
138 143 325 356 714 767 910 971
138 143 335 346 732 749 931 950
138 145 338 345 739 744 941 942
138 149 539 548 740 747 942 945
138 152 331 359 723 767 920 970
138 157 339 356 742 753 945 950
138 173 330 381 524 587 719 792
138 188 341 385 749 777 956 970
138 199 342 395 753 784 966 971
139 140 337 342 736 743 936 943
139 140 338 341 538 541 739 740
139 141 338 342 738 742 939 941
139 142 337 344 536 545 935 946
139 144 326 357 715 768 911 972
139 144 336 347 733 750 932 951
139 146 339 346 740 745 942 943
139 150 540 549 741 748 943 946
139 153 332 360 724 768 921 971
139 158 340 357 743 754 946 951
139 174 331 382 525 588 720 793
139 189 342 386 750 778 957 971
139 343 396 754 785 967 972
140 141 338 343 737 744 937 944
140 141 339 342 539 542 740 741
140 142 339 343 739 743 940 942
140 143 338 345 537 546 936 947
140 145 327 358 716 769 912 973
140 145 337 348 734 751 933 952
140 147 340 347 741 746 943 944
140 151 541 550 742 749 944 947
140 154 333 361 725 769 922 972
140 159 341 358 744 755 947 952
140 175 332 383 526 589 721 794
140 190 343 387 751 779 958 972
140 344 397 755 786 968 973
141 142 339 344 738 745 938 945
141 142 340 343 540 543 741 742
141 143 340 344 740 744 941 943
141 144 339 346 538 547 937 948
141 146 328 359 717 770 913 974
141 146 338 349 735 752 934 953
141 148 341 348 742 747 944 945
141 152 542 551 743 750 945 948
141 155 334 362 726 770 923 973
141 160 342 359 745 756 948 953
141 176 333 384 527 590 722 795
141 191 344 388 752 780 959 973
141 345 398 756 787 969 974
142 143 340 345 739 746 939 946
142 143 341 344 541 544 742 743
142 144 341 345 741 745 942 944
142 145 340 347 539 548 938 949
142 147 329 360 718 771 914 975
142 147 339 350 736 753 935 954
142 149 342 349 743 748 945 946
142 153 543 552 744 751 946 949
142 156 335 363 727 771 924 974
142 161 343 360 746 757 949 954
142 177 334 385 528 591 723 796
142 192 345 389 753 781 960 974
142 346 399 757 788 970 975
143 144 341 346 740 747 940 947
143 144 342 345 542 545 743 744
143 145 342 346 742 746 943 945
143 146 341 348 540 549 939 950
143 148 330 361 719 772 915 976
143 148 340 351 737 754 936 955
143 150 343 350 744 749 946 947
143 154 544 553 745 752 947 950
143 157 336 364 728 772 925 975
143 162 344 361 747 758 950 955
143 178 335 386 529 592 724 797
143 193 346 390 754 782 961 975
144 145 342 347 741 748 941 948
144 145 343 346 543 546 744 745
144 146 343 347 743 747 944 946
144 147 342 349 541 550 940 951
144 149 331 362 720 773 916 977
144 149 341 352 738 755 937 956
144 151 344 351 745 750 947 948
144 155 545 554 746 753 948 951
144 158 337 365 729 773 926 976
144 163 345 362 748 759 951 956
144 179 336 387 530 593 725 798
144 194 347 391 755 783 962 976
145 146 343 348 742 749 942 949
145 146 344 347 544 547 745 746
145 147 344 348 744 748 945 947
145 148 343 350 542 551 941 952
145 150 332 363 721 774 917 978
145 150 342 353 739 756 938 957
145 152 345 352 746 751 948 949
145 156 546 555 747 754 949 952
145 159 338 366 730 774 927 977
145 164 346 363 749 760 952 957
145 180 337 388 531 594 726 799
145 195 348 392 756 784 963 977
146 147 344 349 743 750 943 950
146 147 345 348 545 548 746 747
146 148 345 349 745 749 946 948
146 149 344 351 543 552 942 953
146 151 333 364 722 775 918 979
146 151 343 354 740 757 939 958
146 153 346 353 747 752 949 950
146 157 547 556 748 755 950 953
146 160 339 367 731 775 928 978
146 165 347 364 750 761 953 958
146 181 338 389 532 595 727
146 196 349 393 757 785 964 978
147 148 345 350 744 751 944 951
147 148 346 349 546 549 747 748
147 149 346 350 746 750 947 949
147 150 345 352 544 553 943 954
147 152 334 365 723 776 919 980
147 152 344 355 741 758 940 959
147 154 347 354 748 753 950 951
147 158 548 557 749 756 951 954
147 161 340 368 732 776 929 979
147 166 348 365 751 762 954 959
147 182 339 390 533 596 728
147 197 350 394 758 786 965 979
148 149 346 351 745 752 945 952
148 149 347 350 547 550 748 749
148 150 347 351 747 751 948 950
148 151 346 353 545 554 944 955
148 153 335 366 724 777 920 981
148 153 345 356 742 759 941 960
148 155 348 355 749 754 951 952
148 159 549 558 750 757 952 955
148 162 341 369 733 777 930 980
148 167 349 366 752 763 955 960
148 183 340 391 534 597 729
148 198 351 395 759 787 966 980
149 150 347 352 746 753 946 953
149 150 348 351 548 551 749 750
149 151 348 352 748 752 949 951
149 152 347 354 546 555 945 956
149 154 336 367 725 778 921 982
149 154 346 357 743 760 942 961
149 156 349 356 750 755 952 953
149 160 550 559 751 758 953 956
149 163 342 370 734 778 931 981
149 168 350 367 753 764 956 961
149 184 341 392 535 598 730
149 199 352 396 760 788 967 981
150 151 348 353 747 754 947 954
150 151 349 352 549 552 750 751
150 152 349 353 749 753 950 952
150 153 348 355 547 556 946 957
150 155 337 368 726 779 922 983
150 155 347 358 744 761 943 962
150 157 350 357 751 756 953 954
150 161 551 560 752 759 954 957
150 164 343 371 735 779 932 982
150 169 351 368 754 765 957 962
150 185 342 393 536 599 731
150 353 397 761 789 968 982
151 152 349 354 748 755 948 955
151 152 350 353 550 553 751 752
151 153 350 354 750 754 951 953
151 154 349 356 548 557 947 958
151 156 338 369 727 780 923 984
151 156 348 359 745 762 944 963
151 158 351 358 752 757 954 955
151 162 552 561 753 760 955 958
151 165 344 372 736 780 933 983
151 170 352 369 755 766 958 963
151 354 398 762 790 969 983
152 153 350 355 749 756 949 956
152 153 351 354 551 554 752 753
152 154 351 355 751 755 952 954
152 155 350 357 549 558 948 959
152 157 339 370 728 781 924 985
152 157 349 360 746 763 945 964
152 159 352 359 753 758 955 956
152 163 553 562 754 761 956 959
152 166 345 373 737 781 934 984
152 171 353 370 756 767 959 964
152 355 399 763 791 970 984
153 154 351 356 750 757 950 957
153 154 352 355 552 555 753 754
153 155 352 356 752 756 953 955
153 156 351 358 550 559 949 960
153 158 340 371 729 782 925 986
153 158 350 361 747 764 946 965
153 160 353 360 754 759 956 957
153 164 554 563 755 762 957 960
153 167 346 374 738 782 935 985
153 172 354 371 757 768 960 965
154 155 352 357 751 758 951 958
154 155 353 356 553 556 754 755
154 156 353 357 753 757 954 956
154 157 352 359 551 560 950 961
154 159 341 372 730 783 926 987
154 159 351 362 748 765 947 966
154 161 354 361 755 760 957 958
154 165 555 564 756 763 958 961
154 168 347 375 739 783 936 986
154 173 355 372 758 769 961 966
155 156 353 358 752 759 952 959
155 156 354 357 554 557 755 756
155 157 354 358 754 758 955 957
155 158 353 360 552 561 951 962
155 160 342 373 731 784 927 988
155 160 352 363 749 766 948 967
155 162 355 362 756 761 958 959
155 166 556 565 757 764 959 962
155 169 348 376 740 784 937 987
155 174 356 373 759 770 962 967
156 157 354 359 753 760 953 960
156 157 355 358 555 558 756 757
156 158 355 359 755 759 956 958
156 159 354 361 553 562 952 963
156 161 343 374 732 785 928 989
156 161 353 364 750 767 949 968
156 163 356 363 757 762 959 960
156 167 557 566 758 765 960 963
156 170 349 377 741 785 938 988
156 175 357 374 760 771 963 968
157 158 355 360 754 761 954 961
157 158 356 359 556 559 757 758
157 159 356 360 756 760 957 959
157 160 355 362 554 563 953 964
157 162 344 375 733 786 929 990
157 162 354 365 751 768 950 969
157 164 357 364 758 763 960 961
157 168 558 567 759 766 961 964
157 171 350 378 742 786 939 989
157 176 358 375 761 772 964 969
158 159 356 361 755 762 955 962
158 159 357 360 557 560 758 759
158 160 357 361 757 761 958 960
158 161 356 363 555 564 954 965
158 163 345 376 734 787 930 991
158 163 355 366 752 769 951 970
158 165 358 365 759 764 961 962
158 169 559 568 760 767 962 965
158 172 351 379 743 787 940 990
158 177 359 376 762 773 965 970
159 160 357 362 756 763 956 963
159 160 358 361 558 561 759 760
159 161 358 362 758 762 959 961
159 162 357 364 556 565 955 966
159 164 346 377 735 788 931 992
159 164 356 367 753 770 952 971
159 166 359 366 760 765 962 963
159 170 560 569 761 768 963 966
159 173 352 380 744 788 941 991
159 178 360 377 763 774 966 971
160 161 358 363 757 764 957 964
160 161 359 362 559 562 760 761
160 162 359 363 759 763 960 962
160 163 358 365 557 566 956 967
160 165 347 378 736 789 932 993
160 165 357 368 754 771 953 972
160 167 360 367 761 766 963 964
160 171 561 570 762 769 964 967
160 174 353 381 745 789 942 992
160 179 361 378 764 775 967 972
161 162 359 364 758 765 958 965
161 162 360 363 560 563 761 762
161 163 360 364 760 764 961 963
161 164 359 366 558 567 957 968
161 166 348 379 737 790 933 994
161 166 358 369 755 772 954 973
161 168 361 368 762 767 964 965
161 172 562 571 763 770 965 968
161 175 354 382 746 790 943 993
161 180 362 379 765 776 968 973
162 163 360 365 759 766 959 966
162 163 361 364 561 564 762 763
162 164 361 365 761 765 962 964
162 165 360 367 559 568 958 969
162 167 349 380 738 791 934 995
162 167 359 370 756 773 955 974
162 169 362 369 763 768 965 966
162 173 563 572 764 771 966 969
162 176 355 383 747 791 944 994
162 181 363 380 766 777 969 974
163 164 361 366 760 767 960 967
163 164 362 365 562 565 763 764
163 165 362 366 762 766 963 965
163 166 361 368 560 569 959 970
163 168 350 381 739 792 935 996
163 168 360 371 757 774 956 975
163 170 363 370 764 769 966 967
163 174 564 573 765 772 967 970
163 177 356 384 748 792 945 995
163 182 364 381 767 778 970 975
164 165 362 367 761 768 961 968
164 165 363 366 563 566 764 765
164 166 363 367 763 767 964 966
164 167 362 369 561 570 960 971
164 169 351 382 740 793 936 997
164 169 361 372 758 775 957 976
164 171 364 371 765 770 967 968
164 175 565 574 766 773 968 971
164 178 357 385 749 793 946 996
164 183 365 382 768 779 971 976
165 166 363 368 762 769 962 969
165 166 364 367 564 567 765 766
165 167 364 368 764 768 965 967
165 168 363 370 562 571 961 972
165 170 352 383 741 794 937 998
165 170 362 373 759 776 958 977
165 172 365 372 766 771 968 969
165 176 566 575 767 774 969 972
165 179 358 386 750 794 947 997
165 184 366 383 769 780 972 977
166 167 364 369 763 770 963 970
166 167 365 368 565 568 766 767
166 168 365 369 765 769 966 968
166 169 364 371 563 572 962 973
166 171 353 384 742 795 938 999
166 171 363 374 760 777 959 978
166 173 366 373 767 772 969 970
166 177 567 576 768 775 970 973
166 180 359 387 751 795 948 998
166 185 367 384 770 781 973 978
167 168 365 370 764 771 964 971
167 168 366 369 566 569 767 768
167 169 366 370 766 770 967 969
167 170 365 372 564 573 963 974
167 172 354 385 743 796 939
167 172 364 375 761 778 960 979
167 174 367 374 768 773 970 971
167 178 568 577 769 776 971 974
167 181 360 388 752 796 949 999
167 186 368 385 771 782 974 979
168 169 366 371 765 772 965 972
168 169 367 370 567 570 768 769
168 170 367 371 767 771 968 970
168 171 366 373 565 574 964 975
168 173 355 386 744 797 940
168 173 365 376 762 779 961 980
168 175 368 375 769 774 971 972
168 179 569 578 770 777 972 975
168 182 361 389 753 797 950
168 187 369 386 772 783 975 980
169 170 367 372 766 773 966 973
169 170 368 371 568 571 769 770
169 171 368 372 768 772 969 971
169 172 367 374 566 575 965 976
169 174 356 387 745 798 941
169 174 366 377 763 780 962 981
169 176 369 376 770 775 972 973
169 180 570 579 771 778 973 976
169 183 362 390 754 798 951
169 188 370 387 773 784 976 981
170 171 368 373 767 774 967 974
170 171 369 372 569 572 770 771
170 172 369 373 769 773 970 972
170 173 368 375 567 576 966 977
170 175 357 388 746 799 942
170 175 367 378 764 781 963 982
170 177 370 377 771 776 973 974
170 181 571 580 772 779 974 977
170 184 363 391 755 799 952
170 189 371 388 774 785 977 982
171 172 369 374 768 775 968 975
171 172 370 373 570 573 771 772
171 173 370 374 770 774 971 973
171 174 369 376 568 577 967 978
171 176 368 379 765 782 964 983
171 178 371 378 772 777 974 975
171 182 572 581 773 780 975 978
171 190 372 389 775 786 978 983
172 173 370 375 769 776 969 976
172 173 371 374 571 574 772 773
172 174 371 375 771 775 972 974
172 175 370 377 569 578 968 979
172 177 369 380 766 783 965 984
172 179 372 379 773 778 975 976
172 183 573 582 774 781 976 979
172 191 373 390 776 787 979 984
173 174 371 376 770 777 970 977
173 174 372 375 572 575 773 774
173 175 372 376 772 776 973 975
173 176 371 378 570 579 969 980
173 178 370 381 767 784 966 985
173 180 373 380 774 779 976 977
173 184 574 583 775 782 977 980
173 192 374 391 777 788 980 985
174 175 372 377 771 778 971 978
174 175 373 376 573 576 774 775
174 176 373 377 773 777 974 976
174 177 372 379 571 580 970 981
174 179 371 382 768 785 967 986
174 181 374 381 775 780 977 978
174 185 575 584 776 783 978 981
174 193 375 392 778 789 981 986
175 176 373 378 772 779 972 979
175 176 374 377 574 577 775 776
175 177 374 378 774 778 975 977
175 178 373 380 572 581 971 982
175 180 372 383 769 786 968 987
175 182 375 382 776 781 978 979
175 186 576 585 777 784 979 982
175 194 376 393 779 790 982 987
176 177 374 379 773 780 973 980
176 177 375 378 575 578 776 777
176 178 375 379 775 779 976 978
176 179 374 381 573 582 972 983
176 181 373 384 770 787 969 988
176 183 376 383 777 782 979 980
176 187 577 586 778 785 980 983
176 195 377 394 780 791 983 988
177 178 375 380 774 781 974 981
177 178 376 379 576 579 777 778
177 179 376 380 776 780 977 979
177 180 375 382 574 583 973 984
177 182 374 385 771 788 970 989
177 184 377 384 778 783 980 981
177 188 578 587 779 786 981 984
177 196 378 395 781 792 984 989
178 179 376 381 775 782 975 982
178 179 377 380 577 580 778 779
178 180 377 381 777 781 978 980
178 181 376 383 575 584 974 985
178 183 375 386 772 789 971 990
178 185 378 385 779 784 981 982
178 189 579 588 780 787 982 985
178 197 379 396 782 793 985 990
179 180 377 382 776 783 976 983
179 180 378 381 578 581 779 780
179 181 378 382 778 782 979 981
179 182 377 384 576 585 975 986
179 184 376 387 773 790 972 991
179 186 379 386 780 785 982 983
179 190 580 589 781 788 983 986
179 198 380 397 783 794 986 991
180 181 378 383 777 784 977 984
180 181 379 382 579 582 780 781
180 182 379 383 779 783 980 982
180 183 378 385 577 586 976 987
180 185 377 388 774 791 973 992
180 187 380 387 781 786 983 984
180 191 581 590 782 789 984 987
180 199 381 398 784 795 987 992
181 182 379 384 778 785 978 985
181 182 380 383 580 583 781 782
181 183 380 384 780 784 981 983
181 184 379 386 578 587 977 988
181 186 378 389 775 792 974 993
181 188 381 388 782 787 984 985
181 192 582 591 783 790 985 988
181 382 399 785 796 988 993
182 183 380 385 779 786 979 986
182 183 381 384 581 584 782 783
182 184 381 385 781 785 982 984
182 185 380 387 579 588 978 989
182 187 379 390 776 793 975 994
182 189 382 389 783 788 985 986
182 193 583 592 784 791 986 989
183 184 381 386 780 787 980 987
183 184 382 385 582 585 783 784
183 185 382 386 782 786 983 985
183 186 381 388 580 589 979 990
183 188 380 391 777 794 976 995
183 190 383 390 784 789 986 987
183 194 584 593 785 792 987 990
184 185 382 387 781 788 981 988
184 185 383 386 583 586 784 785
184 186 383 387 783 787 984 986
184 187 382 389 581 590 980 991
184 189 381 392 778 795 977 996
184 191 384 391 785 790 987 988
184 195 585 594 786 793 988 991
185 186 383 388 782 789 982 989
185 186 384 387 584 587 785 786
185 187 384 388 784 788 985 987
185 188 383 390 582 591 981 992
185 190 382 393 779 796 978 997
185 192 385 392 786 791 988 989
185 196 586 595 787 794 989 992
186 187 384 389 783 790 983 990
186 187 385 388 585 588 786 787
186 188 385 389 785 789 986 988
186 189 384 391 583 592 982 993
186 191 383 394 780 797 979 998
186 193 386 393 787 792 989 990
186 197 587 596 788 795 990 993
187 188 385 390 784 791 984 991
187 188 386 389 586 589 787 788
187 189 386 390 786 790 987 989
187 190 385 392 584 593 983 994
187 192 384 395 781 798 980 999
187 194 387 394 788 793 990 991
187 198 588 597 789 796 991 994
188 189 386 391 785 792 985 992
188 189 387 390 587 590 788 789
188 190 387 391 787 791 988 990
188 191 386 393 585 594 984 995
188 193 385 396 782 799 981
188 195 388 395 789 794 991 992
188 199 589 598 790 797 992 995
189 190 387 392 786 793 986 993
189 190 388 391 588 591 789 790
189 191 388 392 788 792 989 991
189 192 387 394 586 595 985 996
189 196 389 396 790 795 992 993
189 590 599 791 798 993 996
190 191 388 393 787 794 987 994
190 191 389 392 589 592 790 791
190 192 389 393 789 793 990 992
190 193 388 395 587 596 986 997
190 197 390 397 791 796 993 994
191 192 389 394 788 795 988 995
191 192 390 393 590 593 791 792
191 193 390 394 790 794 991 993
191 194 389 396 588 597 987 998
191 198 391 398 792 797 994 995
192 193 390 395 789 796 989 996
192 193 391 394 591 594 792 793
192 194 391 395 791 795 992 994
192 195 390 397 589 598 988 999
192 199 392 399 793 798 995 996
193 194 391 396 790 797 990 997
193 194 392 395 592 595 793 794
193 195 392 396 792 796 993 995
193 196 391 398 590 599 989
194 195 392 397 791 798 991 998
194 195 393 396 593 596 794 795
194 196 393 397 793 797 994 996
195 196 393 398 792 799 992 999
195 196 394 397 594 597 795 796
195 197 394 398 794 798 995 997
196 197 395 398 595 598 796 797
196 198 395 399 795 799 996 998
197 198 396 399 596 599 797 798
200 273 405 468 611 662 819 854
201 202 400 403 600 603 801 802
201 274 406 469 612 663 820 855
202 203 401 404 601 604 802 803
202 275 407 470 613 664 821 856
203 204 402 405 602 605 803 804
203 276 408 471 614 665 822 857
204 205 403 406 603 606 804 805
204 277 409 472 615 666 823 858
205 206 404 407 604 607 805 806
205 278 410 473 616 667 824 859
206 207 405 408 605 608 806 807
206 279 411 474 617 668 825 860
207 208 406 409 606 609 807 808
207 280 412 475 618 669 826 861
208 209 407 410 607 610 808 809
208 281 413 476 619 670 827 862
209 210 408 411 608 611 809 810
209 282 414 477 620 671 828 863
210 211 409 412 609 612 810 811
210 283 415 478 621 672 829 864
211 212 410 413 610 613 811 812
211 284 416 479 622 673 830 865
212 213 411 414 611 614 812 813
212 285 417 480 623 674 831 866
213 214 412 415 612 615 813 814
213 286 418 481 624 675 832 867
214 215 413 416 613 616 814 815
214 249 406 457 600 663 868
214 287 419 482 625 676 833 868
215 216 414 417 614 617 815 816
215 250 407 458 601 664 869
215 288 420 483 626 677 834 869
216 217 415 418 615 618 816 817
216 251 408 459 602 665 870
216 289 421 484 627 678 835 870
217 218 416 419 616 619 817 818
217 252 409 460 603 666 871
217 290 422 485 628 679 836 871
218 219 417 420 617 620 818 819
218 253 410 461 604 667 872
218 291 423 486 629 680 837 872
219 220 418 421 618 621 819 820
219 254 411 462 605 668 800 873
219 292 424 487 630 681 838 873
220 221 419 422 619 622 820 821
220 255 412 463 606 669 801 874
220 293 425 488 631 682 839 874
221 222 420 423 620 623 821 822
221 256 413 464 607 670 802 875
221 294 426 489 632 683 840 875
222 223 421 424 621 624 822 823
222 257 414 465 608 671 803 876
222 295 427 490 633 684 841 876
223 224 422 425 622 625 823 824
223 258 415 466 609 672 804 877
223 296 428 491 634 685 842 877
224 225 423 426 623 626 824 825
224 259 416 467 610 673 805 878
224 297 429 492 635 686 843 878
225 226 424 427 624 627 825 826
225 260 417 468 611 674 806 879
225 298 430 493 636 687 844 879
226 227 425 428 625 628 826 827
226 261 418 469 612 675 807 880
226 299 431 494 637 688 845 880
227 228 426 429 626 629 827 828
227 262 419 470 613 676 808 881
227 300 432 495 638 689 846 881
228 229 427 430 627 630 828 829
228 263 420 471 614 677 809 882
228 301 433 496 639 690 847 882
229 230 428 431 628 631 829 830
229 264 421 472 615 678 810 883
229 302 434 497 640 691 848 883
230 231 429 432 629 632 830 831
230 265 422 473 616 679 811 884
230 303 435 498 641 692 849 884
231 232 430 433 630 633 831 832
231 266 423 474 617 680 812 885
231 304 436 499 642 693 850 885
232 233 431 434 631 634 832 833
232 267 424 475 618 681 813 886
232 305 437 500 643 694 851 886
233 234 432 435 632 635 833 834
233 268 425 476 619 682 814 887
233 306 438 501 644 695 852 887
234 235 433 436 633 636 834 835
234 269 426 477 620 683 815 888
234 307 439 502 645 696 853 888
235 236 434 437 634 637 835 836
235 270 427 478 621 684 816 889
235 308 440 503 646 697 854 889
236 237 435 438 635 638 836 837
236 271 428 479 622 685 817 890
236 309 441 504 647 698 855 890
237 238 436 439 636 639 837 838
237 272 429 480 623 686 818 891
237 310 442 505 648 699 856 891
238 239 437 440 637 640 838 839
238 273 430 481 624 687 819 892
238 311 443 506 649 700 857 892
239 240 438 441 638 641 839 840
239 274 431 482 625 688 820 893
239 312 444 507 650 701 858 893
240 241 439 442 639 642 840 841
240 275 432 483 626 689 821 894
240 313 445 508 651 702 859 894
241 242 440 443 640 643 841 842
241 276 433 484 627 690 822 895
241 314 446 509 652 703 860 895
242 243 441 444 641 644 842 843
242 277 434 485 628 691 823 896
242 315 447 510 653 704 861 896
243 244 442 445 642 645 843 844
243 278 435 486 629 692 824 897
243 316 448 511 654 705 862 897
244 245 443 446 643 646 844 845
244 279 436 487 630 693 825 898
244 317 449 512 655 706 863 898
245 246 444 447 644 647 845 846
245 280 437 488 631 694 826 899
245 318 450 513 656 707 864 899
246 247 445 448 645 648 846 847
246 281 438 489 632 695 827 900
246 319 451 514 657 708 865 900
247 248 446 449 646 649 847 848
247 282 439 490 633 696 828 901
247 320 452 515 658 709 866 901
248 249 447 450 647 650 848 849
248 283 440 491 634 697 829 902
248 321 453 516 659 710 867 902
249 250 448 451 648 651 849 850
249 284 441 492 635 698 830 903
249 322 454 517 660 711 868 903
250 251 449 452 649 652 850 851
250 285 442 493 636 699 831 904
250 323 455 518 661 712 869 904
251 252 450 453 650 653 851 852
251 286 443 494 637 700 832 905
251 324 456 519 662 713 870 905
252 253 451 454 651 654 852 853
252 287 444 495 638 701 833 906
252 325 457 520 663 714 871 906
253 254 452 455 652 655 853 854
253 288 445 496 639 702 834 907
253 326 458 521 664 715 872 907
254 255 453 456 653 656 854 855
254 289 446 497 640 703 835 908
254 327 459 522 665 716 873 908
255 256 454 457 654 657 855 856
255 290 447 498 641 704 836 909
255 328 460 523 666 717 874 909
256 257 455 458 655 658 856 857
256 291 448 499 642 705 837 910
256 329 461 524 667 718 875 910
257 258 456 459 656 659 857 858
257 292 449 500 643 706 838 911
257 330 462 525 668 719 876 911
258 259 457 460 657 660 858 859
258 293 450 501 644 707 839 912
258 331 463 526 669 720 877 912
259 260 458 461 658 661 859 860
259 294 451 502 645 708 840 913
259 332 464 527 670 721 878 913
260 261 459 462 659 662 860 861
260 295 452 503 646 709 841 914
260 333 465 528 671 722 879 914
261 262 460 463 660 663 861 862
261 296 453 504 647 710 842 915
261 334 466 529 672 723 880 915
262 263 461 464 661 664 862 863
262 297 454 505 648 711 843 916
262 335 467 530 673 724 881 916
263 264 462 465 662 665 863 864
263 298 455 506 649 712 844 917
263 336 468 531 674 725 882 917
264 265 463 466 663 666 864 865
264 299 456 507 650 713 845 918
264 337 469 532 675 726 883 918
265 266 464 467 664 667 865 866
265 300 457 508 651 714 846 919
265 338 470 533 676 727 884 919
266 267 465 468 665 668 866 867
266 301 458 509 652 715 847 920
266 339 471 534 677 728 885 920
267 268 466 469 666 669 867 868
267 302 459 510 653 716 848 921
267 340 472 535 678 729 886 921
268 269 467 470 667 670 868 869
268 303 460 511 654 717 849 922
268 341 473 536 679 730 887 922
268 400 463 606 657 814 849
269 270 468 471 668 671 869 870
269 304 461 512 655 718 850 923
269 342 474 537 680 731 888 923
269 401 464 607 658 815 850
270 271 469 472 669 672 870 871
270 305 462 513 656 719 851 924
270 343 475 538 681 732 889 924
270 402 465 608 659 816 851
271 272 470 473 670 673 871 872
271 306 463 514 657 720 852 925
271 344 476 539 682 733 890 925
271 403 466 609 660 817 852
272 273 471 474 671 674 872 873
272 307 464 515 658 721 853 926
272 345 477 540 683 734 891 926
272 404 467 610 661 818 853
273 274 472 475 672 675 873 874
273 308 465 516 659 722 854 927
273 346 478 541 684 735 892 927
274 275 473 476 673 676 874 875
274 309 466 517 660 723 855 928
274 347 479 542 685 736 893 928
275 276 474 477 674 677 875 876
275 310 467 518 661 724 856 929
275 348 480 543 686 737 894 929
276 277 475 478 675 678 876 877
276 311 468 519 662 725 857 930
276 349 481 544 687 738 895 930
277 278 476 479 676 679 877 878
277 312 469 520 663 726 858 931
277 350 482 545 688 739 896 931
278 279 477 480 677 680 878 879
278 313 470 521 664 727 859 932
278 351 483 546 689 740 897 932
279 280 478 481 678 681 879 880
279 314 471 522 665 728 860 933
279 352 484 547 690 741 898 933
280 281 479 482 679 682 880 881
280 315 472 523 666 729 861 934
280 353 485 548 691 742 899 934
281 282 480 483 680 683 881 882
281 316 473 524 667 730 862 935
281 354 486 549 692 743 900 935
282 283 481 484 681 684 882 883
282 317 474 525 668 731 863 936
282 355 487 550 693 744 901 936
283 284 482 485 682 685 883 884
283 318 475 526 669 732 864 937
283 356 488 551 694 745 902 937
284 285 483 486 683 686 884 885
284 319 476 527 670 733 865 938
284 357 489 552 695 746 903 938
285 286 484 487 684 687 885 886
285 320 477 528 671 734 866 939
285 358 490 553 696 747 904 939
286 287 485 488 685 688 886 887
286 321 478 529 672 735 867 940
286 359 491 554 697 748 905 940
287 288 486 489 686 689 887 888
287 322 479 530 673 736 868 941
287 360 492 555 698 749 906 941
288 289 487 490 687 690 888 889
288 323 480 531 674 737 869 942
288 361 493 556 699 750 907 942
289 290 488 491 688 691 889 890
289 324 481 532 675 738 870 943
289 362 494 557 700 751 908 943
290 291 489 492 689 692 890 891
290 325 482 533 676 739 871 944
290 363 495 558 701 752 909 944
291 292 490 493 690 693 891 892
291 326 483 534 677 740 872 945
291 364 496 559 702 753 910 945
292 293 491 494 691 694 892 893
292 327 484 535 678 741 873 946
292 365 497 560 703 754 911 946
293 294 492 495 692 695 893 894
293 328 485 536 679 742 874 947
293 366 498 561 704 755 912 947
294 295 493 496 693 696 894 895
294 329 486 537 680 743 875 948
294 367 499 562 705 756 913 948
295 296 494 497 694 697 895 896
295 330 487 538 681 744 876 949
295 368 500 563 706 757 914 949
296 297 495 498 695 698 896 897
296 331 488 539 682 745 877 950
296 369 501 564 707 758 915 950
297 298 496 499 696 699 897 898
297 332 489 540 683 746 878 951
297 370 502 565 708 759 916 951
298 299 497 500 697 700 898 899
298 333 490 541 684 747 879 952
298 371 503 566 709 760 917 952
299 300 498 501 698 701 899 900
299 334 491 542 685 748 880 953
299 372 504 567 710 761 918 953
300 301 499 502 699 702 900 901
300 335 492 543 686 749 881 954
300 373 505 568 711 762 919 954
301 302 500 503 700 703 901 902
301 336 493 544 687 750 882 955
301 374 506 569 712 763 920 955
302 303 501 504 701 704 902 903
302 337 494 545 688 751 883 956
302 375 507 570 713 764 921 956
303 304 502 505 702 705 903 904
303 338 495 546 689 752 884 957
303 376 508 571 714 765 922 957
304 305 503 506 703 706 904 905
304 339 496 547 690 753 885 958
304 377 509 572 715 766 923 958
305 306 504 507 704 707 905 906
305 340 497 548 691 754 886 959
305 378 510 573 716 767 924 959
306 307 505 508 705 708 906 907
306 341 498 549 692 755 887 960
306 379 511 574 717 768 925 960
307 308 506 509 706 709 907 908
307 342 499 550 693 756 888 961
307 380 512 575 718 769 926 961
308 309 507 510 707 710 908 909
308 343 500 551 694 757 889 962
308 381 513 576 719 770 927 962
309 310 508 511 708 711 909 910
309 344 501 552 695 758 890 963
309 382 514 577 720 771 928 963
310 311 509 512 709 712 910 911
310 345 502 553 696 759 891 964
310 383 515 578 721 772 929 964
311 312 510 513 710 713 911 912
311 346 503 554 697 760 892 965
311 384 516 579 722 773 930 965
312 313 511 514 711 714 912 913
312 347 504 555 698 761 893 966
312 385 517 580 723 774 931 966
313 314 512 515 712 715 913 914
313 348 505 556 699 762 894 967
313 386 518 581 724 775 932 967
314 315 513 516 713 716 914 915
314 349 506 557 700 763 895 968
314 387 519 582 725 776 933 968
315 316 514 517 714 717 915 916
315 350 507 558 701 764 896 969
315 388 520 583 726 777 934 969
316 317 515 518 715 718 916 917
316 351 508 559 702 765 897 970
316 389 521 584 727 778 935 970
317 318 516 519 716 719 917 918
317 352 509 560 703 766 898 971
317 390 522 585 728 779 936 971
318 319 517 520 717 720 918 919
318 353 510 561 704 767 899 972
318 391 523 586 729 780 937 972
319 320 518 521 718 721 919 920
319 354 511 562 705 768 900 973
319 392 524 587 730 781 938 973
320 321 519 522 719 722 920 921
320 355 512 563 706 769 901 974
320 393 525 588 731 782 939 974
321 322 520 523 720 723 921 922
321 356 513 564 707 770 902 975
321 394 526 589 732 783 940 975
322 323 521 524 721 724 922 923
322 357 514 565 708 771 903 976
322 395 527 590 733 784 941 976
323 324 522 525 722 725 923 924
323 358 515 566 709 772 904 977
323 396 528 591 734 785 942 977
324 325 523 526 723 726 924 925
324 359 516 567 710 773 905 978
324 397 529 592 735 786 943 978
325 326 524 527 724 727 925 926
325 360 517 568 711 774 906 979
325 398 530 593 736 787 944 979
326 327 525 528 725 728 926 927
326 361 518 569 712 775 907 980
326 399 531 594 737 788 945 980
327 328 526 529 726 729 927 928
327 362 519 570 713 776 908 981
327 532 595 738 789 946 981
328 329 527 530 727 730 928 929
328 363 520 571 714 777 909 982
328 533 596 739 790 947 982
329 330 528 531 728 731 929 930
329 364 521 572 715 778 910 983
329 534 597 740 791 948 983
330 331 529 532 729 732 930 931
330 365 522 573 716 779 911 984
330 535 598 741 792 949 984
331 332 530 533 730 733 931 932
331 366 523 574 717 780 912 985
331 536 599 742 793 950 985
332 333 531 534 731 734 932 933
332 367 524 575 718 781 913 986
333 334 532 535 732 735 933 934
333 368 525 576 719 782 914 987
334 335 533 536 733 736 934 935
334 369 526 577 720 783 915 988
335 336 534 537 734 737 935 936
335 370 527 578 721 784 916 989
336 337 535 538 735 738 936 937
336 371 528 579 722 785 917 990
337 338 536 539 736 739 937 938
337 372 529 580 723 786 918 991
338 339 537 540 737 740 938 939
338 373 530 581 724 787 919 992
339 340 538 541 738 741 939 940
339 374 531 582 725 788 920 993
340 341 539 542 739 742 940 941
340 375 532 583 726 789 921 994
341 342 540 543 740 743 941 942
341 376 533 584 727 790 922 995
342 343 541 544 741 744 942 943
342 377 534 585 728 791 923 996
343 344 542 545 742 745 943 944
343 378 535 586 729 792 924 997
344 345 543 546 743 746 944 945
344 379 536 587 730 793 925 998
345 346 544 547 744 747 945 946
345 380 537 588 731 794 926 999
346 347 545 548 745 748 946 947
346 381 538 589 732 795 927
347 348 546 549 746 749 947 948
347 382 539 590 733 796 928
348 349 547 550 747 750 948 949
348 383 540 591 734 797 929
349 350 548 551 748 751 949 950
349 384 541 592 735 798 930
350 351 549 552 749 752 950 951
350 385 542 593 736 799 931
351 352 550 553 750 753 951 952
352 353 551 554 751 754 952 953
353 354 552 555 752 755 953 954
354 355 553 556 753 756 954 955
355 356 554 557 754 757 955 956
356 357 555 558 755 758 956 957
357 358 556 559 756 759 957 958
358 359 557 560 757 760 958 959
359 360 558 561 758 761 959 960
360 361 559 562 759 762 960 961
361 362 560 563 760 763 961 962
362 363 561 564 761 764 962 963
363 364 562 565 762 765 963 964
364 365 563 566 763 766 964 965
365 366 564 567 764 767 965 966
366 367 565 568 765 768 966 967
367 368 566 569 766 769 967 968
368 369 567 570 767 770 968 969
369 370 568 571 768 771 969 970
370 371 569 572 769 772 970 971
371 372 570 573 770 773 971 972
372 373 571 574 771 774 972 973
373 374 572 575 772 775 973 974
374 375 573 576 773 776 974 975
375 376 574 577 774 777 975 976
376 377 575 578 775 778 976 977
377 378 576 579 776 779 977 978
378 379 577 580 777 780 978 979
379 380 578 581 778 781 979 980
380 381 579 582 779 782 980 981
381 382 580 583 780 783 981 982
382 383 581 584 781 784 982 983
383 384 582 585 782 785 983 984
384 385 583 586 783 786 984 985
385 386 584 587 784 787 985 986
386 387 585 588 785 788 986 987
387 388 586 589 786 789 987 988
388 389 587 590 787 790 988 989
389 390 588 591 788 791 989 990
390 391 589 592 789 792 990 991
391 392 590 593 790 793 991 992
392 393 591 594 791 794 992 993
393 394 592 595 792 795 993 994
394 395 593 596 793 796 994 995
395 396 594 597 794 797 995 996
396 397 595 598 795 798 996 997
397 398 596 599 796 799 997 998
