0 7 185 192 556 561 743 744
0 11 371 380 557 564 744 747
0 19 186 203 559 570 747 752
0 50 188 232 566 594 758 772
0 61 189 242 570 601 768 773
0 73 190 253 381 432 574 609
0 131 193 308 584 657 787 824
1 2 185 188 370 373 556 557
1 3 185 189 555 559 741 743
1 8 186 193 557 562 744 745
1 12 372 381 558 565 745 748
1 20 187 204 560 571 748 753
1 51 189 233 567 595 759 773
1 62 190 243 571 602 769 774
1 74 191 254 382 433 575 610
1 132 194 309 585 658 788 825
2 3 186 189 371 374 557 558
2 4 186 190 556 560 742 744
2 9 187 194 558 563 745 746
2 13 373 382 559 566 746 749
2 21 188 205 561 572 749 754
2 52 190 234 568 596 760 774
2 63 191 244 572 603 770 775
2 75 192 255 383 434 576 611
2 133 195 310 586 659 789 826
3 4 186 191 555 562 740 747
3 4 187 190 372 375 558 559
3 5 187 191 557 561 743 745
3 10 188 195 559 564 746 747
3 14 374 383 560 567 747 750
3 22 189 206 562 573 750 755
3 53 191 235 569 597 761 775
3 64 192 245 573 604 771 776
3 76 193 256 384 435 577 612
3 134 196 311 587 660 790 827
4 5 187 192 556 563 741 748
4 5 188 191 373 376 559 560
4 6 188 192 558 562 744 746
4 7 187 194 371 380 740 751
4 11 189 196 560 565 747 748
4 15 375 384 561 568 748 751
4 23 190 207 563 574 751 756
4 54 192 236 570 598 762 776
4 65 193 246 574 605 772 777
4 77 194 257 385 436 578 613
4 135 197 312 588 661 791 828
5 6 188 193 557 564 742 749
5 6 189 192 374 377 560 561
5 7 189 193 559 563 745 747
5 8 188 195 372 381 741 752
5 12 190 197 561 566 748 749
5 16 376 385 562 569 749 752
5 24 191 208 564 575 752 757
5 55 193 237 571 599 763 777
5 66 194 247 575 606 773 778
5 78 195 258 386 437 579 614
5 136 198 313 589 662 792 829
6 7 189 194 558 565 743 750
6 7 190 193 375 378 561 562
6 8 190 194 560 564 746 748
6 9 189 196 373 382 742 753
6 13 191 198 562 567 749 750
6 17 377 386 563 570 750 753
6 25 192 209 565 576 753 758
6 56 194 238 572 600 764 778
6 67 195 248 576 607 774 779
6 79 196 259 387 438 580 615
6 137 199 314 590 663 793 830
7 8 190 195 559 566 744 751
7 8 191 194 376 379 562 563
7 9 191 195 561 565 747 749
7 10 190 197 374 383 743 754
7 12 189 200 556 573 740 759
7 14 192 199 563 568 750 751
7 18 378 387 564 571 751 754
7 26 193 210 566 577 754 759
7 57 195 239 573 601 765 779
7 68 196 249 577 608 775 780
7 80 197 260 388 439 581 616
7 138 200 315 591 664 794 831
8 9 191 196 560 567 745 752
8 9 192 195 377 380 563 564
8 10 192 196 562 566 748 750
8 11 191 198 375 384 744 755
8 13 190 201 557 574 741 760
8 15 193 200 564 569 751 752
8 19 379 388 565 572 752 755
8 27 194 211 567 578 755 760
8 58 196 240 574 602 766 780
8 69 197 250 578 609 776 781
8 81 198 261 389 440 582 617
8 139 201 316 592 665 795 832
9 10 192 197 561 568 746 753
9 10 193 196 378 381 564 565
9 11 193 197 563 567 749 751
9 12 192 199 376 385 745 756
9 14 191 202 558 575 742 761
9 16 194 201 565 570 752 753
9 20 380 389 566 573 753 756
9 28 195 212 568 579 756 761
9 59 197 241 575 603 767 781
9 70 198 251 579 610 777 782
9 82 199 262 390 441 583 618
9 140 202 317 593 666 796 833
10 11 193 198 562 569 747 754
10 11 194 197 379 382 565 566
10 12 194 198 564 568 750 752
10 13 193 200 377 386 746 757
10 15 192 203 559 576 743 762
10 17 195 202 566 571 753 754
10 21 381 390 567 574 754 757
10 29 196 213 569 580 757 762
10 60 198 242 576 604 768 782
10 71 199 252 580 611 778 783
10 83 200 263 391 442 584 619
10 141 203 318 594 667 797 834
11 12 194 199 563 570 748 755
11 12 195 198 380 383 566 567
11 13 195 199 565 569 751 753
11 14 194 201 378 387 747 758
11 16 193 204 560 577 744 763
11 18 196 203 567 572 754 755
11 22 382 391 568 575 755 758
11 30 197 214 570 581 758 763
11 61 199 243 577 605 769 783
11 72 200 253 581 612 779 784
11 84 201 264 392 443 585 620
11 142 204 319 595 668 798 835
12 13 195 200 564 571 749 756
12 13 196 199 381 384 567 568
12 14 196 200 566 570 752 754
12 15 195 202 379 388 748 759
12 17 194 205 561 578 745 764
12 19 197 204 568 573 755 756
12 23 383 392 569 576 756 759
12 31 198 215 571 582 759 764
12 62 200 244 578 606 770 784
12 73 201 254 582 613 780 785
12 85 202 265 393 444 586 621
12 143 205 320 596 669 799 836
13 14 196 201 565 572 750 757
13 14 197 200 382 385 568 569
13 15 197 201 567 571 753 755
13 16 196 203 380 389 749 760
13 18 195 206 562 579 746 765
13 20 198 205 569 574 756 757
13 24 384 393 570 577 757 760
13 32 199 216 572 583 760 765
13 63 201 245 579 607 771 785
13 74 202 255 583 614 781 786
13 86 203 266 394 445 587 622
13 144 206 321 597 670 800 837
14 15 197 202 566 573 751 758
14 15 198 201 383 386 569 570
14 16 198 202 568 572 754 756
14 17 197 204 381 390 750 761
14 19 196 207 563 580 747 766
14 21 199 206 570 575 757 758
14 25 385 394 571 578 758 761
14 33 200 217 573 584 761 766
14 64 202 246 580 608 772 786
14 75 203 256 584 615 782 787
14 87 204 267 395 446 588 623
14 145 207 322 598 671 801 838
15 16 198 203 567 574 752 759
15 16 199 202 384 387 570 571
15 17 199 203 569 573 755 757
15 18 198 205 382 391 751 762
15 20 197 208 564 581 748 767
15 22 200 207 571 576 758 759
15 26 386 395 572 579 759 762
15 34 201 218 574 585 762 767
15 65 203 247 581 609 773 787
15 76 204 257 585 616 783 788
15 88 205 268 396 447 589 624
15 146 208 323 599 672 802 839
16 17 199 204 568 575 753 760
16 17 200 203 385 388 571 572
16 18 200 204 570 574 756 758
16 19 199 206 383 392 752 763
16 21 198 209 565 582 749 768
16 23 201 208 572 577 759 760
16 27 387 396 573 580 760 763
16 35 202 219 575 586 763 768
16 66 204 248 582 610 774 788
16 77 205 258 586 617 784 789
16 89 206 269 397 448 590 625
16 147 209 324 600 673 803 840
17 18 200 205 569 576 754 761
17 18 201 204 386 389 572 573
17 19 201 205 571 575 757 759
17 20 200 207 384 393 753 764
17 22 199 210 566 583 750 769
17 24 202 209 573 578 760 761
17 28 388 397 574 581 761 764
17 36 203 220 576 587 764 769
17 67 205 249 583 611 775 789
17 78 206 259 587 618 785 790
17 90 207 270 398 449 591 626
17 148 210 325 601 674 804 841
18 19 201 206 570 577 755 762
18 19 202 205 387 390 573 574
18 20 202 206 572 576 758 760
18 21 201 208 385 394 754 765
18 23 200 211 567 584 751 770
18 25 203 210 574 579 761 762
18 29 389 398 575 582 762 765
18 32 196 224 558 602 740 790
18 37 204 221 577 588 765 770
18 68 206 250 584 612 776 790
18 79 207 260 588 619 786 791
18 91 208 271 399 450 592 627
18 149 211 326 602 675 805 842
19 20 202 207 571 578 756 763
19 20 203 206 388 391 574 575
19 21 203 207 573 577 759 761
19 22 202 209 386 395 755 766
19 24 201 212 568 585 752 771
19 26 204 211 575 580 762 763
19 30 390 399 576 583 763 766
19 33 197 225 559 603 741 791
19 38 205 222 578 589 766 771
19 54 196 247 375 438 555 628
19 69 207 251 585 613 777 791
19 80 208 261 589 620 787 792
19 92 209 272 400 451 593 628
19 150 212 327 603 676 806 843
20 21 203 208 572 579 757 764
20 21 204 207 389 392 575 576
20 22 204 208 574 578 760 762
20 23 203 210 387 396 756 767
20 25 202 213 569 586 753 772
20 27 205 212 576 581 763 764
20 31 391 400 577 584 764 767
20 34 198 226 560 604 742 792
20 39 206 223 579 590 767 772
20 55 197 248 376 439 556 629
20 70 208 252 586 614 778 792
20 81 209 262 590 621 788 793
20 93 210 273 401 452 594 629
20 151 213 328 604 677 807 844
21 22 204 209 573 580 758 765
21 22 205 208 390 393 576 577
21 23 205 209 575 579 761 763
21 24 204 211 388 397 757 768
21 26 203 214 570 587 754 773
21 28 206 213 577 582 764 765
21 32 392 401 578 585 765 768
21 35 199 227 561 605 743 793
21 40 207 224 580 591 768 773
21 56 198 249 377 440 557 630
21 71 209 253 587 615 779 793
21 82 210 263 591 622 789 794
21 94 211 274 402 453 595 630
21 152 214 329 605 678 808 845
22 23 205 210 574 581 759 766
22 23 206 209 391 394 577 578
22 24 206 210 576 580 762 764
22 25 205 212 389 398 758 769
22 27 204 215 571 588 755 774
22 29 207 214 578 583 765 766
22 33 393 402 579 586 766 769
22 36 200 228 562 606 744 794
22 41 208 225 581 592 769 774
22 57 199 250 378 441 558 631
22 72 210 254 588 616 780 794
22 83 211 264 592 623 790 795
22 95 212 275 403 454 596 631
22 153 215 330 606 679 809 846
23 24 206 211 575 582 760 767
23 24 207 210 392 395 578 579
23 25 207 211 577 581 763 765
23 26 206 213 390 399 759 770
23 28 205 216 572 589 756 775
23 30 208 215 579 584 766 767
23 34 394 403 580 587 767 770
23 37 201 229 563 607 745 795
23 42 209 226 582 593 770 775
23 58 200 251 379 442 559 632
23 73 211 255 589 617 781 795
23 84 212 265 593 624 791 796
23 96 213 276 404 455 597 632
23 154 216 331 607 680 810 847
24 25 207 212 576 583 761 768
24 25 208 211 393 396 579 580
24 26 208 212 578 582 764 766
24 27 207 214 391 400 760 771
24 29 206 217 573 590 757 776
24 31 209 216 580 585 767 768
24 35 395 404 581 588 768 771
24 38 202 230 564 608 746 796
24 43 210 227 583 594 771 776
24 59 201 252 380 443 560 633
24 74 212 256 590 618 782 796
24 85 213 266 594 625 792 797
24 97 214 277 405 456 598 633
24 155 217 332 608 681 811 848
25 26 208 213 577 584 762 769
25 26 209 212 394 397 580 581
25 27 209 213 579 583 765 767
25 28 208 215 392 401 761 772
25 30 207 218 574 591 758 777
25 32 210 217 581 586 768 769
25 36 396 405 582 589 769 772
25 39 203 231 565 609 747 797
25 44 211 228 584 595 772 777
25 60 202 253 381 444 561 634
25 75 213 257 591 619 783 797
25 86 214 267 595 626 793 798
25 98 215 278 406 457 599 634
25 156 218 333 609 682 812 849
26 27 209 214 578 585 763 770
26 27 210 213 395 398 581 582
26 28 210 214 580 584 766 768
26 29 209 216 393 402 762 773
26 31 208 219 575 592 759 778
26 33 211 218 582 587 769 770
26 37 397 406 583 590 770 773
26 40 204 232 566 610 748 798
26 45 212 229 585 596 773 778
26 61 203 254 382 445 562 635
26 76 214 258 592 620 784 798
26 87 215 268 596 627 794 799
26 99 216 279 407 458 600 635
26 157 219 334 610 683 813 850
27 28 210 215 579 586 764 771
27 28 211 214 396 399 582 583
27 29 211 215 581 585 767 769
27 30 210 217 394 403 763 774
27 32 209 220 576 593 760 779
27 34 212 219 583 588 770 771
27 38 398 407 584 591 771 774
27 41 205 233 567 611 749 799
27 46 213 230 586 597 774 779
27 62 204 255 383 446 563 636
27 77 215 259 593 621 785 799
27 88 216 269 597 628 795 800
27 100 217 280 408 459 601 636
27 158 220 335 611 684 814 851
28 29 211 216 580 587 765 772
28 29 212 215 397 400 583 584
28 30 212 216 582 586 768 770
28 31 211 218 395 404 764 775
28 33 200 231 559 612 740 801
28 33 210 221 577 594 761 780
28 35 213 220 584 589 771 772
28 39 399 408 585 592 772 775
28 42 206 234 568 612 750 800
28 47 214 231 587 598 775 780
28 63 205 256 384 447 564 637
28 78 216 260 594 622 786 800
28 89 217 270 598 629 796 801
28 101 218 281 409 460 602 637
28 159 221 336 612 685 815 852
29 30 212 217 581 588 766 773
29 30 213 216 398 401 584 585
29 31 213 217 583 587 769 771
29 32 212 219 396 405 765 776
29 34 201 232 560 613 741 802
29 34 211 222 578 595 762 781
29 36 214 221 585 590 772 773
29 40 400 409 586 593 773 776
29 43 207 235 569 613 751 801
29 48 215 232 588 599 776 781
29 64 206 257 385 448 565 638
29 79 217 261 595 623 787 801
29 90 218 271 599 630 797 802
29 102 219 282 410 461 603 638
29 160 222 337 613 686 816 853
30 31 213 218 582 589 767 774
30 31 214 217 399 402 585 586
30 32 214 218 584 588 770 772
30 33 213 220 397 406 766 777
30 35 202 233 561 614 742 803
30 35 212 223 579 596 763 782
30 37 215 222 586 591 773 774
30 41 401 410 587 594 774 777
30 44 208 236 570 614 752 802
30 49 216 233 589 600 777 782
30 65 207 258 386 449 566 639
30 80 218 262 596 624 788 802
30 91 219 272 600 631 798 803
30 103 220 283 411 462 604 639
30 161 223 338 614 687 817 854
31 32 214 219 583 590 768 775
31 32 215 218 400 403 586 587
31 33 215 219 585 589 771 773
31 34 214 221 398 407 767 778
31 36 203 234 562 615 743 804
31 36 213 224 580 597 764 783
31 38 216 223 587 592 774 775
31 42 402 411 588 595 775 778
31 45 209 237 571 615 753 803
31 50 217 234 590 601 778 783
31 66 208 259 387 450 567 640
31 81 219 263 597 625 789 803
31 92 220 273 601 632 799 804
31 104 221 284 412 463 605 640
31 162 224 339 615 688 818 855
32 33 215 220 584 591 769 776
32 33 216 219 401 404 587 588
32 34 216 220 586 590 772 774
32 35 215 222 399 408 768 779
32 37 204 235 563 616 744 805
32 37 214 225 581 598 765 784
32 39 217 224 588 593 775 776
32 43 403 412 589 596 776 779
32 46 210 238 572 616 754 804
32 51 218 235 591 602 779 784
32 67 209 260 388 451 568 641
32 82 220 264 598 626 790 804
32 93 221 274 602 633 800 805
32 105 222 285 413 464 606 641
32 163 225 340 616 689 819 856
33 34 216 221 585 592 770 777
33 34 217 220 402 405 588 589
33 35 217 221 587 591 773 775
33 36 216 223 400 409 769 780
33 38 205 236 564 617 745 806
33 38 215 226 582 599 766 785
33 40 218 225 589 594 776 777
33 44 404 413 590 597 777 780
33 47 211 239 573 617 755 805
33 52 219 236 592 603 780 785
33 68 210 261 389 452 569 642
33 83 221 265 599 627 791 805
33 94 222 275 603 634 801 806
33 106 223 286 414 465 607 642
33 164 226 341 617 690 820 857
34 35 217 222 586 593 771 778
34 35 218 221 403 406 589 590
34 36 218 222 588 592 774 776
34 37 217 224 401 410 770 781
34 39 206 237 565 618 746 807
34 39 216 227 583 600 767 786
34 41 219 226 590 595 777 778
34 45 405 414 591 598 778 781
34 48 212 240 574 618 756 806
34 53 220 237 593 604 781 786
34 69 211 262 390 453 570 643
34 84 222 266 600 628 792 806
34 95 223 276 604 635 802 807
34 107 224 287 415 466 608 643
34 165 227 342 618 691 821 858
35 36 218 223 587 594 772 779
35 36 219 222 404 407 590 591
35 37 219 223 589 593 775 777
35 38 218 225 402 411 771 782
35 40 207 238 566 619 747 808
35 40 217 228 584 601 768 787
35 42 220 227 591 596 778 779
35 46 406 415 592 599 779 782
35 49 213 241 575 619 757 807
35 54 221 238 594 605 782 787
35 70 212 263 391 454 571 644
35 85 223 267 601 629 793 807
35 96 224 277 605 636 803 808
35 108 225 288 416 467 609 644
35 166 228 343 619 692 822 859
36 37 219 224 588 595 773 780
36 37 220 223 405 408 591 592
36 38 220 224 590 594 776 778
36 39 219 226 403 412 772 783
36 41 208 239 567 620 748 809
36 41 218 229 585 602 769 788
36 43 221 228 592 597 779 780
36 47 407 416 593 600 780 783
36 50 214 242 576 620 758 808
36 55 222 239 595 606 783 788
36 71 213 264 392 455 572 645
36 86 224 268 602 630 794 808
36 97 225 278 606 637 804 809
36 109 226 289 417 468 610 645
36 167 229 344 620 693 823 860
37 38 220 225 589 596 774 781
37 38 221 224 406 409 592 593
37 39 221 225 591 595 777 779
37 40 220 227 404 413 773 784
37 42 209 240 568 621 749 810
37 42 219 230 586 603 770 789
37 44 222 229 593 598 780 781
37 48 408 417 594 601 781 784
37 51 215 243 577 621 759 809
37 56 223 240 596 607 784 789
37 72 214 265 393 456 573 646
37 87 225 269 603 631 795 809
37 98 226 279 607 638 805 810
37 110 227 290 418 469 611 646
37 168 230 345 621 694 824 861
38 39 221 226 590 597 775 782
38 39 222 225 407 410 593 594
38 40 222 226 592 596 778 780
38 41 221 228 405 414 774 785
38 43 210 241 569 622 750 811
38 43 220 231 587 604 771 790
38 45 223 230 594 599 781 782
38 49 409 418 595 602 782 785
38 52 216 244 578 622 760 810
38 57 224 241 597 608 785 790
38 73 215 266 394 457 574 647
38 88 226 270 604 632 796 810
38 99 227 280 608 639 806 811
38 111 228 291 419 470 612 647
38 169 231 346 622 695 825 862
39 40 222 227 591 598 776 783
39 40 223 226 408 411 594 595
39 41 223 227 593 597 779 781
39 42 222 229 406 415 775 786
39 44 211 242 570 623 751 812
39 44 221 232 588 605 772 791
39 46 224 231 595 600 782 783
39 50 410 419 596 603 783 786
39 53 217 245 579 623 761 811
39 58 225 242 598 609 786 791
39 74 216 267 395 458 575 648
39 89 227 271 605 633 797 811
39 100 228 281 609 640 807 812
39 112 229 292 420 471 613 648
39 170 232 347 623 696 826 863
40 41 223 228 592 599 777 784
40 41 224 227 409 412 595 596
40 42 224 228 594 598 780 782
40 43 223 230 407 416 776 787
40 45 212 243 571 624 752 813
40 45 222 233 589 606 773 792
40 47 225 232 596 601 783 784
40 51 411 420 597 604 784 787
40 54 218 246 580 624 762 812
40 59 226 243 599 610 787 792
40 75 217 268 396 459 576 649
40 90 228 272 606 634 798 812
40 101 229 282 610 641 808 813
40 113 230 293 421 472 614 649
40 171 233 348 624 697 827 864
41 42 224 229 593 600 778 785
41 42 225 228 410 413 596 597
41 43 225 229 595 599 781 783
41 44 224 231 408 417 777 788
41 46 213 244 572 625 753 814
41 46 223 234 590 607 774 793
41 48 226 233 597 602 784 785
41 52 412 421 598 605 785 788
41 55 219 247 581 625 763 813
41 60 227 244 600 611 788 793
41 76 218 269 397 460 577 650
41 91 229 273 607 635 799 813
41 102 230 283 611 642 809 814
41 114 231 294 422 473 615 650
41 172 234 349 625 698 828 865
42 43 225 230 594 601 779 786
42 43 226 229 411 414 597 598
42 44 226 230 596 600 782 784
42 45 225 232 409 418 778 789
42 47 214 245 573 626 754 815
42 47 224 235 591 608 775 794
42 49 227 234 598 603 785 786
42 53 413 422 599 606 786 789
42 56 220 248 582 626 764 814
42 61 228 245 601 612 789 794
42 77 219 270 398 461 578 651
42 92 230 274 608 636 800 814
42 103 231 284 612 643 810 815
42 115 232 295 423 474 616 651
42 173 235 350 626 699 829 866
43 44 226 231 595 602 780 787
43 44 227 230 412 415 598 599
43 45 227 231 597 601 783 785
43 46 226 233 410 419 779 790
43 48 215 246 574 627 755 816
43 48 225 236 592 609 776 795
43 50 228 235 599 604 786 787
43 54 414 423 600 607 787 790
43 57 221 249 583 627 765 815
43 62 229 246 602 613 790 795
43 78 220 271 399 462 579 652
43 93 231 275 609 637 801 815
43 104 232 285 613 644 811 816
43 116 233 296 424 475 617 652
43 174 236 351 627 700 830 867
44 45 227 232 596 603 781 788
44 45 228 231 413 416 599 600
44 46 228 232 598 602 784 786
44 47 227 234 411 420 780 791
44 49 216 247 575 628 756 817
44 49 226 237 593 610 777 796
44 51 229 236 600 605 787 788
44 55 415 424 601 608 788 791
44 58 222 250 584 628 766 816
44 63 230 247 603 614 791 796
44 79 221 272 400 463 580 653
44 94 232 276 610 638 802 816
44 105 233 286 614 645 812 817
44 117 234 297 425 476 618 653
44 175 237 352 628 701 831 868
45 46 228 233 597 604 782 789
45 46 229 232 414 417 600 601
45 47 229 233 599 603 785 787
45 48 228 235 412 421 781 792
45 50 217 248 576 629 757 818
45 50 227 238 594 611 778 797
45 52 230 237 601 606 788 789
45 56 416 425 602 609 789 792
45 59 223 251 585 629 767 817
45 64 231 248 604 615 792 797
45 80 222 273 401 464 581 654
45 95 233 277 611 639 803 817
45 106 234 287 615 646 813 818
45 118 235 298 426 477 619 654
45 176 238 353 629 702 832 869
46 47 229 234 598 605 783 790
46 47 230 233 415 418 601 602
46 48 230 234 600 604 786 788
46 49 229 236 413 422 782 793
46 51 218 249 577 630 758 819
46 51 228 239 595 612 779 798
46 53 231 238 602 607 789 790
46 57 417 426 603 610 790 793
46 60 224 252 586 630 768 818
46 65 232 249 605 616 793 798
46 81 223 274 402 465 582 655
46 96 234 278 612 640 804 818
46 107 235 288 616 647 814 819
46 119 236 299 427 478 620 655
46 177 239 354 630 703 833 870
47 48 230 235 599 606 784 791
47 48 231 234 416 419 602 603
47 49 231 235 601 605 787 789
47 50 230 237 414 423 783 794
47 52 219 250 578 631 759 820
47 52 229 240 596 613 780 799
47 54 232 239 603 608 790 791
47 58 418 427 604 611 791 794
47 61 225 253 587 631 769 819
47 66 233 250 606 617 794 799
47 82 224 275 403 466 583 656
47 84 214 287 563 678 740 871
47 97 235 279 613 641 805 819
47 108 236 289 617 648 815 820
47 120 237 300 428 479 621 656
47 178 240 355 631 704 834 871
48 49 231 236 600 607 785 792
48 49 232 235 417 420 603 604
48 50 232 236 602 606 788 790
48 51 231 238 415 424 784 795
48 53 220 251 579 632 760 821
48 53 230 241 597 614 781 800
48 55 233 240 604 609 791 792
48 59 419 428 605 612 792 795
48 62 226 254 588 632 770 820
48 67 234 251 607 618 795 800
48 83 225 276 404 467 584 657
48 85 215 288 564 679 741 872
48 98 236 280 614 642 806 820
48 109 237 290 618 649 816 821
48 121 238 301 429 480 622 657
48 179 241 356 632 705 835 872
49 50 232 237 601 608 786 793
49 50 233 236 418 421 604 605
49 51 233 237 603 607 789 791
49 52 232 239 416 425 785 796
49 54 221 252 580 633 761 822
49 54 231 242 598 615 782 801
49 56 234 241 605 610 792 793
49 60 420 429 606 613 793 796
49 63 227 255 589 633 771 821
49 68 235 252 608 619 796 801
49 84 226 277 405 468 585 658
49 86 216 289 565 680 742 873
49 99 237 281 615 643 807 821
49 110 238 291 619 650 817 822
49 122 239 302 430 481 623 658
49 180 242 357 633 706 836 873
50 51 233 238 602 609 787 794
50 51 234 237 419 422 605 606
50 52 234 238 604 608 790 792
50 53 233 240 417 426 786 797
50 55 222 253 581 634 762 823
50 55 232 243 599 616 783 802
50 57 235 242 606 611 793 794
50 61 421 430 607 614 794 797
50 64 228 256 590 634 772 822
50 69 236 253 609 620 797 802
50 85 227 278 406 469 586 659
50 87 217 290 566 681 743 874
50 100 238 282 616 644 808 822
50 111 239 292 620 651 818 823
50 123 240 303 431 482 624 659
50 181 243 358 634 707 837 874
51 52 234 239 603 610 788 795
51 52 235 238 420 423 606 607
51 53 235 239 605 609 791 793
51 54 234 241 418 427 787 798
51 56 223 254 582 635 763 824
51 56 233 244 600 617 784 803
51 58 236 243 607 612 794 795
51 62 422 431 608 615 795 798
51 65 229 257 591 635 773 823
51 70 237 254 610 621 798 803
51 86 228 279 407 470 587 660
51 88 218 291 567 682 744 875
51 101 239 283 617 645 809 823
51 112 240 293 621 652 819 824
51 124 241 304 432 483 625 660
51 182 244 359 635 708 838 875
52 53 235 240 604 611 789 796
52 53 236 239 421 424 607 608
52 54 236 240 606 610 792 794
52 55 235 242 419 428 788 799
52 57 224 255 583 636 764 825
52 57 234 245 601 618 785 804
52 59 237 244 608 613 795 796
52 63 423 432 609 616 796 799
52 66 230 258 592 636 774 824
52 71 238 255 611 622 799 804
52 87 229 280 408 471 588 661
52 89 219 292 568 683 745 876
52 102 240 284 618 646 810 824
52 113 241 294 622 653 820 825
52 125 242 305 433 484 626 661
52 183 245 360 636 709 839 876
53 54 236 241 605 612 790 797
53 54 237 240 422 425 608 609
53 55 237 241 607 611 793 795
53 56 236 243 420 429 789 800
53 58 225 256 584 637 765 826
53 58 235 246 602 619 786 805
53 60 238 245 609 614 796 797
53 64 424 433 610 617 797 800
53 67 231 259 593 637 775 825
53 72 239 256 612 623 800 805
53 88 230 281 409 472 589 662
53 90 220 293 569 684 746 877
53 103 241 285 619 647 811 825
53 114 242 295 623 654 821 826
53 126 243 306 434 485 627 662
53 184 246 361 637 710 840 877
54 55 237 242 606 613 791 798
54 55 238 241 423 426 609 610
54 56 238 242 608 612 794 796
54 57 237 244 421 430 790 801
54 59 226 257 585 638 766 827
54 59 236 247 603 620 787 806
54 61 239 246 610 615 797 798
54 65 425 434 611 618 798 801
54 68 232 260 594 638 776 826
54 73 240 257 613 624 801 806
54 89 231 282 410 473 590 663
54 91 221 294 570 685 747 878
54 104 242 286 620 648 812 826
54 115 243 296 624 655 822 827
54 127 244 307 435 486 628 663
55 56 238 243 607 614 792 799
55 56 239 242 424 427 610 611
55 57 239 243 609 613 795 797
55 58 238 245 422 431 791 802
55 60 227 258 586 639 767 828
55 60 237 248 604 621 788 807
55 62 240 247 611 616 798 799
55 66 426 435 612 619 799 802
55 69 233 261 595 639 777 827
55 74 241 258 614 625 802 807
55 90 232 283 411 474 591 664
55 92 222 295 571 686 748 879
55 105 243 287 621 649 813 827
55 116 244 297 625 656 823 828
55 128 245 308 436 487 629 664
56 57 239 244 608 615 793 800
56 57 240 243 425 428 611 612
56 58 240 244 610 614 796 798
56 59 239 246 423 432 792 803
56 61 228 259 587 640 768 829
56 61 238 249 605 622 789 808
56 63 241 248 612 617 799 800
56 67 427 436 613 620 800 803
56 70 234 262 596 640 778 828
56 75 242 259 615 626 803 808
56 91 233 284 412 475 592 665
56 93 223 296 572 687 749 880
56 106 244 288 622 650 814 828
56 117 245 298 626 657 824 829
56 129 246 309 437 488 630 665
57 58 240 245 609 616 794 801
57 58 241 244 426 429 612 613
57 59 241 245 611 615 797 799
57 60 240 247 424 433 793 804
57 62 229 260 588 641 769 830
57 62 239 250 606 623 790 809
57 64 242 249 613 618 800 801
57 68 428 437 614 621 801 804
57 71 235 263 597 641 779 829
57 76 243 260 616 627 804 809
57 92 234 285 413 476 593 666
57 94 224 297 573 688 750 881
57 107 245 289 623 651 815 829
57 118 246 299 627 658 825 830
57 130 247 310 438 489 631 666
58 59 241 246 610 617 795 802
58 59 242 245 427 430 613 614
58 60 242 246 612 616 798 800
58 61 241 248 425 434 794 805
58 63 230 261 589 642 770 831
58 63 240 251 607 624 791 810
58 65 243 250 614 619 801 802
58 69 429 438 615 622 802 805
58 72 236 264 598 642 780 830
58 77 244 261 617 628 805 810
58 93 235 286 414 477 594 667
58 95 225 298 574 689 751 882
58 108 246 290 624 652 816 830
58 119 247 300 628 659 826 831
58 131 248 311 439 490 632 667
59 60 242 247 611 618 796 803
59 60 243 246 428 431 614 615
59 61 243 247 613 617 799 801
59 62 242 249 426 435 795 806
59 64 231 262 590 643 771 832
59 64 241 252 608 625 792 811
59 66 244 251 615 620 802 803
59 70 430 439 616 623 803 806
59 73 237 265 599 643 781 831
59 78 245 262 618 629 806 811
59 94 236 287 415 478 595 668
59 96 226 299 575 690 752 883
59 109 247 291 625 653 817 831
59 120 248 301 629 660 827 832
59 132 249 312 440 491 633 668
60 61 243 248 612 619 797 804
60 61 244 247 429 432 615 616
60 62 244 248 614 618 800 802
60 63 243 250 427 436 796 807
60 65 232 263 591 644 772 833
60 65 242 253 609 626 793 812
60 67 245 252 616 621 803 804
60 71 431 440 617 624 804 807
60 74 238 266 600 644 782 832
60 79 246 263 619 630 807 812
60 95 237 288 416 479 596 669
60 97 227 300 576 691 753 884
60 110 248 292 626 654 818 832
60 121 249 302 630 661 828 833
60 133 250 313 441 492 634 669
61 62 244 249 613 620 798 805
61 62 245 248 430 433 616 617
61 63 245 249 615 619 801 803
61 64 244 251 428 437 797 808
61 66 233 264 592 645 773 834
61 66 243 254 610 627 794 813
61 68 246 253 617 622 804 805
61 72 432 441 618 625 805 808
61 75 239 267 601 645 783 833
61 80 247 264 620 631 808 813
61 96 238 289 417 480 597 670
61 98 228 301 577 692 754 885
61 111 249 293 627 655 819 833
61 122 250 303 631 662 829 834
61 134 251 314 442 493 635 670
62 63 245 250 614 621 799 806
62 63 246 249 431 434 617 618
62 64 246 250 616 620 802 804
62 65 245 252 429 438 798 809
62 67 234 265 593 646 774 835
62 67 244 255 611 628 795 814
62 69 247 254 618 623 805 806
62 73 433 442 619 626 806 809
62 76 240 268 602 646 784 834
62 81 248 265 621 632 809 814
62 97 239 290 418 481 598 671
62 99 229 302 578 693 755 886
62 112 250 294 628 656 820 834
62 123 251 304 632 663 830 835
62 135 252 315 443 494 636 671
63 64 246 251 615 622 800 807
63 64 247 250 432 435 618 619
63 65 247 251 617 621 803 805
63 66 246 253 430 439 799 810
63 68 235 266 594 647 775 836
63 68 245 256 612 629 796 815
63 70 248 255 619 624 806 807
63 74 434 443 620 627 807 810
63 77 241 269 603 647 785 835
63 82 249 266 622 633 810 815
63 98 240 291 419 482 599 672
63 100 230 303 579 694 756 887
63 113 251 295 629 657 821 835
63 124 252 305 633 664 831 836
63 136 253 316 444 495 637 672
64 65 247 252 616 623 801 808
64 65 248 251 433 436 619 620
64 66 248 252 618 622 804 806
64 67 247 254 431 440 800 811
64 69 236 267 595 648 776 837
64 69 246 257 613 630 797 816
64 71 249 256 620 625 807 808
64 75 435 444 621 628 808 811
64 78 242 270 604 648 786 836
64 83 250 267 623 634 811 816
64 99 241 292 420 483 600 673
64 101 231 304 580 695 757 888
64 114 252 296 630 658 822 836
64 125 253 306 634 665 832 837
64 137 254 317 445 496 638 673
65 66 248 253 617 624 802 809
65 66 249 252 434 437 620 621
65 67 249 253 619 623 805 807
65 68 248 255 432 441 801 812
65 70 237 268 596 649 777 838
65 70 247 258 614 631 798 817
65 72 250 257 621 626 808 809
65 76 436 445 622 629 809 812
65 79 243 271 605 649 787 837
65 84 251 268 624 635 812 817
65 100 242 293 421 484 601 674
65 102 232 305 581 696 758 889
65 115 253 297 631 659 823 837
65 126 254 307 635 666 833 838
65 138 255 318 446 497 639 674
66 67 249 254 618 625 803 810
66 67 250 253 435 438 621 622
66 68 250 254 620 624 806 808
66 69 249 256 433 442 802 813
66 71 238 269 597 650 778 839
66 71 248 259 615 632 799 818
66 73 251 258 622 627 809 810
66 77 437 446 623 630 810 813
66 80 244 272 606 650 788 838
66 85 252 269 625 636 813 818
66 101 243 294 422 485 602 675
66 103 233 306 582 697 759 890
66 116 254 298 632 660 824 838
66 127 255 308 636 667 834 839
66 139 256 319 447 498 640 675
67 68 250 255 619 626 804 811
67 68 251 254 436 439 622 623
67 69 251 255 621 625 807 809
67 70 250 257 434 443 803 814
67 72 239 270 598 651 779 840
67 72 249 260 616 633 800 819
67 74 252 259 623 628 810 811
67 78 438 447 624 631 811 814
67 81 245 273 607 651 789 839
67 86 253 270 626 637 814 819
67 102 244 295 423 486 603 676
67 104 234 307 583 698 760 891
67 117 255 299 633 661 825 839
67 128 256 309 637 668 835 840
67 140 257 320 448 499 641 676
68 69 251 256 620 627 805 812
68 69 252 255 437 440 623 624
68 70 252 256 622 626 808 810
68 71 251 258 435 444 804 815
68 73 240 271 599 652 780 841
68 73 250 261 617 634 801 820
68 75 253 260 624 629 811 812
68 79 439 448 625 632 812 815
68 82 246 274 608 652 790 840
68 87 254 271 627 638 815 820
68 103 245 296 424 487 604 677
68 105 235 308 584 699 761 892
68 118 256 300 634 662 826 840
68 129 257 310 638 669 836 841
68 141 258 321 449 500 642 677
69 70 252 257 621 628 806 813
69 70 253 256 438 441 624 625
69 71 253 257 623 627 809 811
69 72 252 259 436 445 805 816
69 74 241 272 600 653 781 842
69 74 251 262 618 635 802 821
69 76 254 261 625 630 812 813
69 80 440 449 626 633 813 816
69 83 247 275 609 653 791 841
69 88 255 272 628 639 816 821
69 104 246 297 425 488 605 678
69 106 236 309 585 700 762 893
69 119 257 301 635 663 827 841
69 130 258 311 639 670 837 842
69 142 259 322 450 501 643 678
70 71 253 258 622 629 807 814
70 71 254 257 439 442 625 626
70 72 254 258 624 628 810 812
70 73 253 260 437 446 806 817
70 75 242 273 601 654 782 843
70 75 252 263 619 636 803 822
70 77 255 262 626 631 813 814
70 81 441 450 627 634 814 817
70 84 248 276 610 654 792 842
70 89 256 273 629 640 817 822
70 105 247 298 426 489 606 679
70 107 237 310 586 701 763 894
70 120 258 302 636 664 828 842
70 131 259 312 640 671 838 843
70 143 260 323 451 502 644 679
71 72 254 259 623 630 808 815
71 72 255 258 440 443 626 627
71 73 255 259 625 629 811 813
71 74 254 261 438 447 807 818
71 76 243 274 602 655 783 844
71 76 253 264 620 637 804 823
71 78 256 263 627 632 814 815
71 82 442 451 628 635 815 818
71 85 249 277 611 655 793 843
71 90 257 274 630 641 818 823
71 106 248 299 427 490 607 680
71 108 238 311 587 702 764 895
71 121 259 303 637 665 829 843
71 132 260 313 641 672 839 844
71 144 261 324 452 503 645 680
72 73 255 260 624 631 809 816
72 73 256 259 441 444 627 628
72 74 256 260 626 630 812 814
72 75 255 262 439 448 808 819
72 77 244 275 603 656 784 845
72 77 254 265 621 638 805 824
72 79 257 264 628 633 815 816
72 83 443 452 629 636 816 819
72 86 250 278 612 656 794 844
72 91 258 275 631 642 819 824
72 107 249 300 428 491 608 681
72 109 239 312 588 703 765 896
72 122 260 304 638 666 830 844
72 133 261 314 642 673 840 845
72 145 262 325 453 504 646 681
73 74 256 261 625 632 810 817
73 74 257 260 442 445 628 629
73 75 257 261 627 631 813 815
73 76 256 263 440 449 809 820
73 78 245 276 604 657 785 846
73 78 255 266 622 639 806 825
73 80 258 265 629 634 816 817
73 84 444 453 630 637 817 820
73 87 251 279 613 657 795 845
73 92 259 276 632 643 820 825
73 108 250 301 429 492 609 682
73 110 240 313 589 704 766 897
73 123 261 305 639 667 831 845
73 134 262 315 643 674 841 846
73 146 263 326 454 505 647 682
74 75 257 262 626 633 811 818
74 75 258 261 443 446 629 630
74 76 258 262 628 632 814 816
74 77 257 264 441 450 810 821
74 79 246 277 605 658 786 847
74 79 256 267 623 640 807 826
74 81 259 266 630 635 817 818
74 85 445 454 631 638 818 821
74 88 252 280 614 658 796 846
74 93 260 277 633 644 821 826
74 109 251 302 430 493 610 683
74 111 241 314 590 705 767 898
74 124 262 306 640 668 832 846
74 135 263 316 644 675 842 847
74 147 264 327 455 506 648 683
75 76 258 263 627 634 812 819
75 76 259 262 444 447 630 631
75 77 259 263 629 633 815 817
75 78 258 265 442 451 811 822
75 80 247 278 606 659 787 848
75 80 257 268 624 641 808 827
75 82 260 267 631 636 818 819
75 86 446 455 632 639 819 822
75 89 253 281 615 659 797 847
75 94 261 278 634 645 822 827
75 110 252 303 431 494 611 684
75 112 242 315 591 706 768 899
75 125 263 307 641 669 833 847
75 136 264 317 645 676 843 848
75 148 265 328 456 507 649 684
76 77 259 264 628 635 813 820
76 77 260 263 445 448 631 632
76 78 260 264 630 634 816 818
76 79 259 266 443 452 812 823
76 81 248 279 607 660 788 849
76 81 258 269 625 642 809 828
76 83 261 268 632 637 819 820
76 87 447 456 633 640 820 823
76 90 254 282 616 660 798 848
76 95 262 279 635 646 823 828
76 111 253 304 432 495 612 685
76 113 243 316 592 707 769 900
76 126 264 308 642 670 834 848
76 137 265 318 646 677 844 849
76 149 266 329 457 508 650 685
77 78 260 265 629 636 814 821
77 78 261 264 446 449 632 633
77 79 261 265 631 635 817 819
77 80 260 267 444 453 813 824
77 82 249 280 608 661 789 850
77 82 259 270 626 643 810 829
77 84 262 269 633 638 820 821
77 88 448 457 634 641 821 824
77 91 255 283 617 661 799 849
77 96 263 280 636 647 824 829
77 112 254 305 433 496 613 686
77 114 244 317 593 708 770 901
77 127 265 309 643 671 835 849
77 138 266 319 647 678 845 850
77 150 267 330 458 509 651 686
78 79 261 266 630 637 815 822
78 79 262 265 447 450 633 634
78 80 262 266 632 636 818 820
78 81 261 268 445 454 814 825
78 83 250 281 609 662 790 851
78 83 260 271 627 644 811 830
78 85 263 270 634 639 821 822
78 89 449 458 635 642 822 825
78 92 256 284 618 662 800 850
78 97 264 281 637 648 825 830
78 113 255 306 434 497 614 687
78 115 245 318 594 709 771 902
78 128 266 310 644 672 836 850
78 139 267 320 648 679 846 851
78 151 268 331 459 510 652 687
79 80 262 267 631 638 816 823
79 80 263 266 448 451 634 635
79 81 263 267 633 637 819 821
79 82 262 269 446 455 815 826
79 84 251 282 610 663 791 852
79 84 261 272 628 645 812 831
79 86 264 271 635 640 822 823
79 90 450 459 636 643 823 826
79 93 257 285 619 663 801 851
79 98 265 282 638 649 826 831
79 114 256 307 435 498 615 688
79 116 246 319 595 710 772 903
79 129 267 311 645 673 837 851
79 140 268 321 649 680 847 852
79 152 269 332 460 511 653 688
80 81 263 268 632 639 817 824
80 81 264 267 449 452 635 636
80 82 264 268 634 638 820 822
80 83 263 270 447 456 816 827
80 85 252 283 611 664 792 853
80 85 262 273 629 646 813 832
80 87 265 272 636 641 823 824
80 91 451 460 637 644 824 827
80 94 258 286 620 664 802 852
80 99 266 283 639 650 827 832
80 115 257 308 436 499 616 689
80 117 247 320 596 711 773 904
80 130 268 312 646 674 838 852
80 141 269 322 650 681 848 853
80 153 270 333 461 512 654 689
81 82 264 269 633 640 818 825
81 82 265 268 450 453 636 637
81 83 265 269 635 639 821 823
81 84 264 271 448 457 817 828
81 86 253 284 612 665 793 854
81 86 263 274 630 647 814 833
81 88 266 273 637 642 824 825
81 92 452 461 638 645 825 828
81 95 259 287 621 665 803 853
81 100 267 284 640 651 828 833
81 116 258 309 437 500 617 690
81 118 248 321 597 712 774 905
81 131 269 313 647 675 839 853
81 142 270 323 651 682 849 854
81 154 271 334 462 513 655 690
82 83 265 270 634 641 819 826
82 83 266 269 451 454 637 638
82 84 266 270 636 640 822 824
82 85 265 272 449 458 818 829
82 87 254 285 613 666 794 855
82 87 264 275 631 648 815 834
82 89 267 274 638 643 825 826
82 93 453 462 639 646 826 829
82 96 260 288 622 666 804 854
82 101 268 285 641 652 829 834
82 117 259 310 438 501 618 691
82 119 249 322 598 713 775 906
82 132 270 314 648 676 840 854
82 143 271 324 652 683 850 855
82 155 272 335 463 514 656 691
83 84 266 271 635 642 820 827
83 84 267 270 452 455 638 639
83 85 267 271 637 641 823 825
83 86 266 273 450 459 819 830
83 88 255 286 614 667 795 856
83 88 265 276 632 649 816 835
83 90 268 275 639 644 826 827
83 94 454 463 640 647 827 830
83 97 261 289 623 667 805 855
83 102 269 286 642 653 830 835
83 118 260 311 439 502 619 692
83 120 250 323 599 714 776 907
83 133 271 315 649 677 841 855
83 144 272 325 653 684 851 856
83 156 273 336 464 515 657 692
84 85 267 272 636 643 821 828
84 85 268 271 453 456 639 640
84 86 268 272 638 642 824 826
84 87 267 274 451 460 820 831
84 89 256 287 615 668 796 857
84 89 266 277 633 650 817 836
84 91 269 276 640 645 827 828
84 95 455 464 641 648 828 831
84 98 262 290 624 668 806 856
84 103 270 287 643 654 831 836
84 119 261 312 440 503 620 693
84 121 251 324 600 715 777 908
84 134 272 316 650 678 842 856
84 145 273 326 654 685 852 857
84 157 274 337 465 516 658 693
85 86 268 273 637 644 822 829
85 86 269 272 454 457 640 641
85 87 269 273 639 643 825 827
85 88 268 275 452 461 821 832
85 90 257 288 616 669 797 858
85 90 267 278 634 651 818 837
85 92 270 277 641 646 828 829
85 96 456 465 642 649 829 832
85 99 263 291 625 669 807 857
85 104 271 288 644 655 832 837
85 120 262 313 441 504 621 694
85 122 252 325 601 716 778 909
85 135 273 317 651 679 843 857
85 146 274 327 655 686 853 858
85 158 275 338 466 517 659 694
86 87 269 274 638 645 823 830
86 87 270 273 455 458 641 642
86 88 270 274 640 644 826 828
86 89 269 276 453 462 822 833
86 91 258 289 617 670 798 859
86 91 268 279 635 652 819 838
86 93 271 278 642 647 829 830
86 97 457 466 643 650 830 833
86 100 264 292 626 670 808 858
86 105 272 289 645 656 833 838
86 121 263 314 442 505 622 695
86 123 253 326 602 717 779 910
86 136 274 318 652 680 844 858
86 147 275 328 656 687 854 859
86 159 276 339 467 518 660 695
87 88 270 275 639 646 824 831
87 88 271 274 456 459 642 643
87 89 271 275 641 645 827 829
87 90 270 277 454 463 823 834
87 92 259 290 618 671 799 860
87 92 269 280 636 653 820 839
87 94 272 279 643 648 830 831
87 98 458 467 644 651 831 834
87 101 265 293 627 671 809 859
87 106 273 290 646 657 834 839
87 122 264 315 443 506 623 696
87 124 254 327 603 718 780 911
87 137 275 319 653 681 845 859
87 148 276 329 657 688 855 860
87 160 277 340 468 519 661 696
88 89 271 276 640 647 825 832
88 89 272 275 457 460 643 644
88 90 272 276 642 646 828 830
88 91 271 278 455 464 824 835
88 93 260 291 619 672 800 861
88 93 270 281 637 654 821 840
88 95 273 280 644 649 831 832
88 99 459 468 645 652 832 835
88 102 266 294 628 672 810 860
88 107 274 291 647 658 835 840
88 123 265 316 444 507 624 697
88 125 255 328 604 719 781 912
88 138 276 320 654 682 846 860
88 149 277 330 658 689 856 861
88 161 278 341 469 520 662 697
89 90 272 277 641 648 826 833
89 90 273 276 458 461 644 645
89 91 273 277 643 647 829 831
89 92 272 279 456 465 825 836
89 94 261 292 620 673 801 862
89 94 271 282 638 655 822 841
89 96 274 281 645 650 832 833
89 100 460 469 646 653 833 836
89 103 267 295 629 673 811 861
89 108 275 292 648 659 836 841
89 124 266 317 445 508 625 698
89 126 256 329 605 720 782 913
89 139 277 321 655 683 847 861
89 150 278 331 659 690 857 862
89 162 279 342 470 521 663 698
90 91 273 278 642 649 827 834
90 91 274 277 459 462 645 646
90 92 274 278 644 648 830 832
90 93 273 280 457 466 826 837
90 95 262 293 621 674 802 863
90 95 272 283 639 656 823 842
90 97 275 282 646 651 833 834
90 101 461 470 647 654 834 837
90 104 268 296 630 674 812 862
90 109 276 293 649 660 837 842
90 125 267 318 446 509 626 699
90 127 257 330 606 721 783 914
90 140 278 322 656 684 848 862
90 151 279 332 660 691 858 863
90 163 280 343 471 522 664 699
91 92 274 279 643 650 828 835
91 92 275 278 460 463 646 647
91 93 275 279 645 649 831 833
91 94 274 281 458 467 827 838
91 96 263 294 622 675 803 864
91 96 273 284 640 657 824 843
91 98 276 283 647 652 834 835
91 102 462 471 648 655 835 838
91 105 269 297 631 675 813 863
91 110 277 294 650 661 838 843
91 126 268 319 447 510 627 700
91 128 258 331 607 722 784 915
91 141 279 323 657 685 849 863
91 152 280 333 661 692 859 864
91 164 281 344 472 523 665 700
92 93 275 280 644 651 829 836
92 93 276 279 461 464 647 648
92 94 276 280 646 650 832 834
92 95 275 282 459 468 828 839
92 97 264 295 623 676 804 865
92 97 274 285 641 658 825 844
92 99 277 284 648 653 835 836
92 103 463 472 649 656 836 839
92 106 270 298 632 676 814 864
92 111 278 295 651 662 839 844
92 127 269 320 448 511 628 701
92 129 259 332 608 723 785 916
92 142 280 324 658 686 850 864
92 153 281 334 662 693 860 865
92 165 282 345 473 524 666 701
93 94 276 281 645 652 830 837
93 94 277 280 462 465 648 649
93 95 277 281 647 651 833 835
93 96 276 283 460 469 829 840
93 98 265 296 624 677 805 866
93 98 275 286 642 659 826 845
93 100 278 285 649 654 836 837
93 104 464 473 650 657 837 840
93 107 271 299 633 677 815 865
93 112 279 296 652 663 840 845
93 128 270 321 449 512 629 702
93 130 260 333 609 724 786 917
93 143 281 325 659 687 851 865
93 154 282 335 663 694 861 866
93 166 283 346 474 525 667 702
94 95 277 282 646 653 831 838
94 95 278 281 463 466 649 650
94 96 278 282 648 652 834 836
94 97 277 284 461 470 830 841
94 99 266 297 625 678 806 867
94 99 276 287 643 660 827 846
94 101 279 286 650 655 837 838
94 105 465 474 651 658 838 841
94 108 272 300 634 678 816 866
94 113 280 297 653 664 841 846
94 129 271 322 450 513 630 703
94 131 261 334 610 725 787 918
94 144 282 326 660 688 852 866
94 155 283 336 664 695 862 867
94 167 284 347 475 526 668 703
95 96 278 283 647 654 832 839
95 96 279 282 464 467 650 651
95 97 279 283 649 653 835 837
95 98 278 285 462 471 831 842
95 100 267 298 626 679 807 868
95 100 277 288 644 661 828 847
95 102 280 287 651 656 838 839
95 106 466 475 652 659 839 842
95 109 273 301 635 679 817 867
95 114 281 298 654 665 842 847
95 130 272 323 451 514 631 704
95 132 262 335 611 726 788 919
95 145 283 327 661 689 853 867
95 156 284 337 665 696 863 868
95 168 285 348 476 527 669 704
96 97 279 284 648 655 833 840
96 97 280 283 465 468 651 652
96 98 280 284 650 654 836 838
96 99 279 286 463 472 832 843
96 101 268 299 627 680 808 869
96 101 278 289 645 662 829 848
96 103 281 288 652 657 839 840
96 107 467 476 653 660 840 843
96 110 274 302 636 680 818 868
96 115 282 299 655 666 843 848
96 131 273 324 452 515 632 705
96 133 263 336 612 727 789 920
96 146 284 328 662 690 854 868
96 157 285 338 666 697 864 869
96 169 286 349 477 528 670 705
97 98 280 285 649 656 834 841
97 98 281 284 466 469 652 653
97 99 281 285 651 655 837 839
97 100 280 287 464 473 833 844
97 102 269 300 628 681 809 870
97 102 279 290 646 663 830 849
97 104 282 289 653 658 840 841
97 108 468 477 654 661 841 844
97 111 275 303 637 681 819 869
97 116 283 300 656 667 844 849
97 132 274 325 453 516 633 706
97 134 264 337 613 728 790 921
97 147 285 329 663 691 855 869
97 158 286 339 667 698 865 870
97 170 287 350 478 529 671 706
98 99 281 286 650 657 835 842
98 99 282 285 467 470 653 654
98 100 282 286 652 656 838 840
98 101 281 288 465 474 834 845
98 103 270 301 629 682 810 871
98 103 280 291 647 664 831 850
98 105 283 290 654 659 841 842
98 109 469 478 655 662 842 845
98 112 276 304 638 682 820 870
98 117 284 301 657 668 845 850
98 133 275 326 454 517 634 707
98 135 265 338 614 729 791 922
98 148 286 330 664 692 856 870
98 159 287 340 668 699 866 871
98 171 288 351 479 530 672 707
99 100 282 287 651 658 836 843
99 100 283 286 468 471 654 655
99 101 283 287 653 657 839 841
99 102 282 289 466 475 835 846
99 104 271 302 630 683 811 872
99 104 281 292 648 665 832 851
99 106 284 291 655 660 842 843
99 110 470 479 656 663 843 846
99 113 277 305 639 683 821 871
99 118 285 302 658 669 846 851
99 134 276 327 455 518 635 708
99 136 266 339 615 730 792 923
99 149 287 331 665 693 857 871
99 160 288 341 669 700 867 872
99 172 289 352 480 531 673 708
100 101 283 288 652 659 837 844
100 101 284 287 469 472 655 656
100 102 284 288 654 658 840 842
100 103 283 290 467 476 836 847
100 105 272 303 631 684 812 873
100 105 282 293 649 666 833 852
100 107 285 292 656 661 843 844
100 111 471 480 657 664 844 847
100 114 278 306 640 684 822 872
100 119 286 303 659 670 847 852
100 135 277 328 456 519 636 709
100 137 267 340 616 731 793 924
100 150 288 332 666 694 858 872
100 161 289 342 670 701 868 873
100 173 290 353 481 532 674 709
101 102 284 289 653 660 838 845
101 102 285 288 470 473 656 657
101 103 285 289 655 659 841 843
101 104 284 291 468 477 837 848
101 106 273 304 632 685 813 874
101 106 283 294 650 667 834 853
101 108 286 293 657 662 844 845
101 112 472 481 658 665 845 848
101 115 279 307 641 685 823 873
101 120 287 304 660 671 848 853
101 136 278 329 457 520 637 710
101 151 289 333 667 695 859 873
101 162 290 343 671 702 869 874
101 174 291 354 482 533 675 710
102 103 285 290 654 661 839 846
102 103 286 289 471 474 657 658
102 104 286 290 656 660 842 844
102 105 285 292 469 478 838 849
102 107 274 305 633 686 814 875
102 107 284 295 651 668 835 854
102 109 287 294 658 663 845 846
102 113 473 482 659 666 846 849
102 116 280 308 642 686 824 874
102 121 288 305 661 672 849 854
102 137 279 330 458 521 638 711
102 152 290 334 668 696 860 874
102 163 291 344 672 703 870 875
102 175 292 355 483 534 676 711
103 104 286 291 655 662 840 847
103 104 287 290 472 475 658 659
103 105 287 291 657 661 843 845
103 106 286 293 470 479 839 850
103 108 275 306 634 687 815 876
103 108 285 296 652 669 836 855
103 110 288 295 659 664 846 847
103 114 474 483 660 667 847 850
103 117 281 309 643 687 825 875
103 122 289 306 662 673 850 855
103 138 280 331 459 522 639 712
103 153 291 335 669 697 861 875
103 164 292 345 673 704 871 876
103 176 293 356 484 535 677 712
104 105 287 292 656 663 841 848
104 105 288 291 473 476 659 660
104 106 288 292 658 662 844 846
104 107 287 294 471 480 840 851
104 109 276 307 635 688 816 877
104 109 286 297 653 670 837 856
104 111 289 296 660 665 847 848
104 115 475 484 661 668 848 851
104 118 282 310 644 688 826 876
104 123 290 307 663 674 851 856
104 139 281 332 460 523 640 713
104 154 292 336 670 698 862 876
104 165 293 346 674 705 872 877
104 177 294 357 485 536 678 713
105 106 288 293 657 664 842 849
105 106 289 292 474 477 660 661
105 107 289 293 659 663 845 847
105 108 288 295 472 481 841 852
105 110 277 308 636 689 817 878
105 110 287 298 654 671 838 857
105 112 290 297 661 666 848 849
105 116 476 485 662 669 849 852
105 119 283 311 645 689 827 877
105 124 291 308 664 675 852 857
105 140 282 333 461 524 641 714
105 155 293 337 671 699 863 877
105 166 294 347 675 706 873 878
105 178 295 358 486 537 679 714
106 107 289 294 658 665 843 850
106 107 290 293 475 478 661 662
106 108 290 294 660 664 846 848
106 109 289 296 473 482 842 853
106 111 278 309 637 690 818 879
106 111 288 299 655 672 839 858
106 113 291 298 662 667 849 850
106 117 477 486 663 670 850 853
106 120 284 312 646 690 828 878
106 125 292 309 665 676 853 858
106 141 283 334 462 525 642 715
106 156 294 338 672 700 864 878
106 167 295 348 676 707 874 879
106 179 296 359 487 538 680 715
107 108 290 295 659 666 844 851
107 108 291 294 476 479 662 663
107 109 291 295 661 665 847 849
107 110 290 297 474 483 843 854
107 112 279 310 638 691 819 880
107 112 289 300 656 673 840 859
107 114 292 299 663 668 850 851
107 118 478 487 664 671 851 854
107 121 285 313 647 691 829 879
107 126 293 310 666 677 854 859
107 142 284 335 463 526 643 716
107 157 295 339 673 701 865 879
107 168 296 349 677 708 875 880
107 180 297 360 488 539 681 716
108 109 291 296 660 667 845 852
108 109 292 295 477 480 663 664
108 110 292 296 662 666 848 850
108 111 291 298 475 484 844 855
108 113 280 311 639 692 820 881
108 113 290 301 657 674 841 860
108 115 293 300 664 669 851 852
108 119 479 488 665 672 852 855
108 122 286 314 648 692 830 880
108 127 294 311 667 678 855 860
108 143 285 336 464 527 644 717
108 158 296 340 674 702 866 880
108 169 297 350 678 709 876 881
108 181 298 361 489 540 682 717
109 110 292 297 661 668 846 853
109 110 293 296 478 481 664 665
109 111 293 297 663 667 849 851
109 112 292 299 476 485 845 856
109 114 281 312 640 693 821 882
109 114 291 302 658 675 842 861
109 116 294 301 665 670 852 853
109 120 480 489 666 673 853 856
109 123 287 315 649 693 831 881
109 128 295 312 668 679 856 861
109 144 286 337 465 528 645 718
109 159 297 341 675 703 867 881
109 170 298 351 679 710 877 882
109 182 299 362 490 541 683 718
110 111 293 298 662 669 847 854
110 111 294 297 479 482 665 666
110 112 294 298 664 668 850 852
110 113 293 300 477 486 846 857
110 115 282 313 641 694 822 883
110 115 292 303 659 676 843 862
110 117 295 302 666 671 853 854
110 121 481 490 667 674 854 857
110 124 288 316 650 694 832 882
110 129 296 313 669 680 857 862
110 145 287 338 466 529 646 719
110 160 298 342 676 704 868 882
110 171 299 352 680 711 878 883
110 183 300 363 491 542 684 719
111 112 294 299 663 670 848 855
111 112 295 298 480 483 666 667
111 113 295 299 665 669 851 853
111 114 294 301 478 487 847 858
111 116 283 314 642 695 823 884
111 116 293 304 660 677 844 863
111 118 296 303 667 672 854 855
111 122 482 491 668 675 855 858
111 125 289 317 651 695 833 883
111 130 297 314 670 681 858 863
111 146 288 339 467 530 647 720
111 161 299 343 677 705 869 883
111 172 300 353 681 712 879 884
111 184 301 364 492 543 685 720
112 113 295 300 664 671 849 856
112 113 296 299 481 484 667 668
112 114 296 300 666 670 852 854
112 115 295 302 479 488 848 859
112 117 284 315 643 696 824 885
112 117 294 305 661 678 845 864
112 119 297 304 668 673 855 856
112 123 483 492 669 676 856 859
112 126 290 318 652 696 834 884
112 131 298 315 671 682 859 864
112 147 289 340 468 531 648 721
112 162 300 344 678 706 870 884
112 173 301 354 682 713 880 885
113 114 296 301 665 672 850 857
113 114 297 300 482 485 668 669
113 115 297 301 667 671 853 855
113 116 296 303 480 489 849 860
113 118 285 316 644 697 825 886
113 118 295 306 662 679 846 865
113 120 298 305 669 674 856 857
113 124 484 493 670 677 857 860
113 127 291 319 653 697 835 885
113 132 299 316 672 683 860 865
113 148 290 341 469 532 649 722
113 163 301 345 679 707 871 885
113 174 302 355 683 714 881 886
114 115 297 302 666 673 851 858
114 115 298 301 483 486 669 670
114 116 298 302 668 672 854 856
114 117 297 304 481 490 850 861
114 119 286 317 645 698 826 887
114 119 296 307 663 680 847 866
114 121 299 306 670 675 857 858
114 125 485 494 671 678 858 861
114 128 292 320 654 698 836 886
114 133 300 317 673 684 861 866
114 149 291 342 470 533 650 723
114 164 302 346 680 708 872 886
114 175 303 356 684 715 882 887
115 116 298 303 667 674 852 859
115 116 299 302 484 487 670 671
115 117 299 303 669 673 855 857
115 118 298 305 482 491 851 862
115 120 287 318 646 699 827 888
115 120 297 308 664 681 848 867
115 122 300 307 671 676 858 859
115 126 486 495 672 679 859 862
115 129 293 321 655 699 837 887
115 134 301 318 674 685 862 867
115 150 292 343 471 534 651 724
115 165 303 347 681 709 873 887
115 176 304 357 685 716 883 888
116 117 299 304 668 675 853 860
116 117 300 303 485 488 671 672
116 118 300 304 670 674 856 858
116 119 299 306 483 492 852 863
116 121 288 319 647 700 828 889
116 121 298 309 665 682 849 868
116 123 301 308 672 677 859 860
116 127 487 496 673 680 860 863
116 130 294 322 656 700 838 888
116 135 302 319 675 686 863 868
116 151 293 344 472 535 652 725
116 166 304 348 682 710 874 888
116 177 305 358 686 717 884 889
117 118 300 305 669 676 854 861
117 118 301 304 486 489 672 673
117 119 301 305 671 675 857 859
117 120 300 307 484 493 853 864
117 122 289 320 648 701 829 890
117 122 299 310 666 683 850 869
117 124 302 309 673 678 860 861
117 128 488 497 674 681 861 864
117 131 295 323 657 701 839 889
117 136 303 320 676 687 864 869
117 152 294 345 473 536 653 726
117 167 305 349 683 711 875 889
117 178 306 359 687 718 885 890
118 119 301 306 670 677 855 862
118 119 302 305 487 490 673 674
118 120 302 306 672 676 858 860
118 121 301 308 485 494 854 865
118 123 290 321 649 702 830 891
118 123 300 311 667 684 851 870
118 125 303 310 674 679 861 862
118 129 489 498 675 682 862 865
118 132 296 324 658 702 840 890
118 137 304 321 677 688 865 870
118 153 295 346 474 537 654 727
118 168 306 350 684 712 876 890
118 179 307 360 688 719 886 891
119 120 302 307 671 678 856 863
119 120 303 306 488 491 674 675
119 121 303 307 673 677 859 861
119 122 302 309 486 495 855 866
119 124 291 322 650 703 831 892
119 124 301 312 668 685 852 871
119 126 304 311 675 680 862 863
119 130 490 499 676 683 863 866
119 133 297 325 659 703 841 891
119 138 305 322 678 689 866 871
119 154 296 347 475 538 655 728
119 169 307 351 685 713 877 891
119 180 308 361 689 720 887 892
120 121 303 308 672 679 857 864
120 121 304 307 489 492 675 676
120 122 304 308 674 678 860 862
120 123 303 310 487 496 856 867
120 125 292 323 651 704 832 893
120 125 302 313 669 686 853 872
120 127 305 312 676 681 863 864
120 131 491 500 677 684 864 867
120 134 298 326 660 704 842 892
120 139 306 323 679 690 867 872
120 155 297 348 476 539 656 729
120 170 308 352 686 714 878 892
120 181 309 362 690 721 888 893
121 122 304 309 673 680 858 865
121 122 305 308 490 493 676 677
121 123 305 309 675 679 861 863
121 124 304 311 488 497 857 868
121 126 293 324 652 705 833 894
121 126 303 314 670 687 854 873
121 128 306 313 677 682 864 865
121 132 492 501 678 685 865 868
121 135 299 327 661 705 843 893
121 140 307 324 680 691 868 873
121 156 298 349 477 540 657 730
121 171 309 353 687 715 879 893
121 182 310 363 691 722 889 894
122 123 305 310 674 681 859 866
122 123 306 309 491 494 677 678
122 124 306 310 676 680 862 864
122 125 305 312 489 498 858 869
122 127 294 325 653 706 834 895
122 127 304 315 671 688 855 874
122 129 307 314 678 683 865 866
122 133 493 502 679 686 866 869
122 136 300 328 662 706 844 894
122 141 308 325 681 692 869 874
122 157 299 350 478 541 658 731
122 172 310 354 688 716 880 894
122 183 311 364 692 723 890 895
123 124 306 311 675 682 860 867
123 124 307 310 492 495 678 679
123 125 307 311 677 681 863 865
123 126 306 313 490 499 859 870
123 128 295 326 654 707 835 896
123 128 305 316 672 689 856 875
123 130 308 315 679 684 866 867
123 134 494 503 680 687 867 870
123 137 301 329 663 707 845 895
123 142 309 326 682 693 870 875
123 158 300 351 479 542 659 732
123 173 311 355 689 717 881 895
123 184 312 365 693 724 891 896
124 125 307 312 676 683 861 868
124 125 308 311 493 496 679 680
124 126 308 312 678 682 864 866
124 127 307 314 491 500 860 871
124 129 296 327 655 708 836 897
124 129 306 317 673 690 857 876
124 131 309 316 680 685 867 868
124 135 495 504 681 688 868 871
124 138 302 330 664 708 846 896
124 143 310 327 683 694 871 876
124 159 301 352 480 543 660 733
124 174 312 356 690 718 882 896
125 126 308 313 677 684 862 869
125 126 309 312 494 497 680 681
125 127 309 313 679 683 865 867
125 128 308 315 492 501 861 872
125 130 297 328 656 709 837 898
125 130 307 318 674 691 858 877
125 132 310 317 681 686 868 869
125 136 496 505 682 689 869 872
125 139 303 331 665 709 847 897
125 144 311 328 684 695 872 877
125 160 302 353 481 544 661 734
125 175 313 357 691 719 883 897
126 127 309 314 678 685 863 870
126 127 310 313 495 498 681 682
126 128 310 314 680 684 866 868
126 129 309 316 493 502 862 873
126 131 298 329 657 710 838 899
126 131 308 319 675 692 859 878
126 133 311 318 682 687 869 870
126 137 497 506 683 690 870 873
126 140 304 332 666 710 848 898
126 145 312 329 685 696 873 878
126 161 303 354 482 545 662 735
126 176 314 358 692 720 884 898
127 128 310 315 679 686 864 871
127 128 311 314 496 499 682 683
127 129 311 315 681 685 867 869
127 130 310 317 494 503 863 874
127 132 299 330 658 711 839 900
127 132 309 320 676 693 860 879
127 134 312 319 683 688 870 871
127 138 498 507 684 691 871 874
127 141 305 333 667 711 849 899
127 146 313 330 686 697 874 879
127 162 304 355 483 546 663 736
127 177 315 359 693 721 885 899
128 129 311 316 680 687 865 872
128 129 312 315 497 500 683 684
128 130 312 316 682 686 868 870
128 131 311 318 495 504 864 875
128 133 300 331 659 712 840 901
128 133 310 321 677 694 861 880
128 135 313 320 684 689 871 872
128 139 499 508 685 692 872 875
128 142 306 334 668 712 850 900
128 147 314 331 687 698 875 880
128 163 305 356 484 547 664 737
128 178 316 360 694 722 886 900
129 130 312 317 681 688 866 873
129 130 313 316 498 501 684 685
129 131 313 317 683 687 869 871
129 132 312 319 496 505 865 876
129 134 301 332 660 713 841 902
129 134 311 322 678 695 862 881
129 136 314 321 685 690 872 873
129 140 500 509 686 693 873 876
129 143 307 335 669 713 851 901
129 148 315 332 688 699 876 881
129 164 306 357 485 548 665 738
129 179 317 361 695 723 887 901
130 131 313 318 682 689 867 874
130 131 314 317 499 502 685 686
130 132 314 318 684 688 870 872
130 133 313 320 497 506 866 877
130 135 302 333 661 714 842 903
130 135 312 323 679 696 863 882
130 137 315 322 686 691 873 874
130 141 501 510 687 694 874 877
130 144 308 336 670 714 852 902
130 149 316 333 689 700 877 882
130 165 307 358 486 549 666 739
130 180 318 362 696 724 888 902
131 132 314 319 683 690 868 875
131 132 315 318 500 503 686 687
131 133 315 319 685 689 871 873
131 134 314 321 498 507 867 878
131 136 303 334 662 715 843 904
131 136 313 324 680 697 864 883
131 138 316 323 687 692 874 875
131 142 502 511 688 695 875 878
131 145 309 337 671 715 853 903
131 150 317 334 690 701 878 883
131 181 319 363 697 725 889 903
132 133 315 320 684 691 869 876
132 133 316 319 501 504 687 688
132 134 316 320 686 690 872 874
132 135 315 322 499 508 868 879
132 137 304 335 663 716 844 905
132 137 314 325 681 698 865 884
132 139 317 324 688 693 875 876
132 143 503 512 689 696 876 879
132 146 310 338 672 716 854 904
132 151 318 335 691 702 879 884
132 182 320 364 698 726 890 904
133 134 316 321 685 692 870 877
133 134 317 320 502 505 688 689
133 135 317 321 687 691 873 875
133 136 316 323 500 509 869 880
133 138 305 336 664 717 845 906
133 138 315 326 682 699 866 885
133 140 318 325 689 694 876 877
133 144 504 513 690 697 877 880
133 147 311 339 673 717 855 905
133 152 319 336 692 703 880 885
133 183 321 365 699 727 891 905
134 135 317 322 686 693 871 878
134 135 318 321 503 506 689 690
134 136 318 322 688 692 874 876
134 137 317 324 501 510 870 881
134 139 306 337 665 718 846 907
134 139 316 327 683 700 867 886
134 141 319 326 690 695 877 878
134 145 505 514 691 698 878 881
134 148 312 340 674 718 856 906
134 153 320 337 693 704 881 886
134 184 322 366 700 728 892 906
135 136 318 323 687 694 872 879
135 136 319 322 504 507 690 691
135 137 319 323 689 693 875 877
135 138 318 325 502 511 871 882
135 140 307 338 666 719 847 908
135 140 317 328 684 701 868 887
135 142 320 327 691 696 878 879
135 146 506 515 692 699 879 882
135 149 313 341 675 719 857 907
135 154 321 338 694 705 882 887
136 137 319 324 688 695 873 880
136 137 320 323 505 508 691 692
136 138 320 324 690 694 876 878
136 139 319 326 503 512 872 883
136 141 308 339 667 720 848 909
136 141 318 329 685 702 869 888
136 143 321 328 692 697 879 880
136 147 507 516 693 700 880 883
136 150 314 342 676 720 858 908
136 155 322 339 695 706 883 888
137 138 320 325 689 696 874 881
137 138 321 324 506 509 692 693
137 139 321 325 691 695 877 879
137 140 320 327 504 513 873 884
137 142 309 340 668 721 849 910
137 142 319 330 686 703 870 889
137 144 322 329 693 698 880 881
137 148 508 517 694 701 881 884
137 151 315 343 677 721 859 909
137 156 323 340 696 707 884 889
138 139 321 326 690 697 875 882
138 139 322 325 507 510 693 694
138 140 322 326 692 696 878 880
138 141 321 328 505 514 874 885
138 143 310 341 669 722 850 911
138 143 320 331 687 704 871 890
138 145 323 330 694 699 881 882
138 149 509 518 695 702 882 885
138 152 316 344 678 722 860 910
138 157 324 341 697 708 885 890
139 140 322 327 691 698 876 883
139 140 323 326 508 511 694 695
139 141 323 327 693 697 879 881
139 142 322 329 506 515 875 886
139 144 311 342 670 723 851 912
139 144 321 332 688 705 872 891
139 146 324 331 695 700 882 883
139 150 510 519 696 703 883 886
139 153 317 345 679 723 861 911
139 158 325 342 698 709 886 891
140 141 323 328 692 699 877 884
140 141 324 327 509 512 695 696
140 142 324 328 694 698 880 882
140 143 323 330 507 516 876 887
140 145 312 343 671 724 852 913
140 145 322 333 689 706 873 892
140 147 325 332 696 701 883 884
140 151 511 520 697 704 884 887
140 154 318 346 680 724 862 912
140 159 326 343 699 710 887 892
141 142 324 329 693 700 878 885
141 142 325 328 510 513 696 697
141 143 325 329 695 699 881 883
141 144 324 331 508 517 877 888
141 146 313 344 672 725 853 914
141 146 323 334 690 707 874 893
141 148 326 333 697 702 884 885
141 152 512 521 698 705 885 888
141 155 319 347 681 725 863 913
141 160 327 344 700 711 888 893
142 143 325 330 694 701 879 886
142 143 326 329 511 514 697 698
142 144 326 330 696 700 882 884
142 145 325 332 509 518 878 889
142 147 314 345 673 726 854 915
142 147 324 335 691 708 875 894
142 149 327 334 698 703 885 886
142 153 513 522 699 706 886 889
142 156 320 348 682 726 864 914
142 161 328 345 701 712 889 894
143 144 326 331 695 702 880 887
143 144 327 330 512 515 698 699
143 145 327 331 697 701 883 885
143 146 326 333 510 519 879 890
143 148 315 346 674 727 855 916
143 148 325 336 692 709 876 895
143 150 328 335 699 704 886 887
143 154 514 523 700 707 887 890
143 157 321 349 683 727 865 915
143 162 329 346 702 713 890 895
144 145 327 332 696 703 881 888
144 145 328 331 513 516 699 700
144 146 328 332 698 702 884 886
144 147 327 334 511 520 880 891
144 149 316 347 675 728 856 917
144 149 326 337 693 710 877 896
144 151 329 336 700 705 887 888
144 155 515 524 701 708 888 891
144 158 322 350 684 728 866 916
144 163 330 347 703 714 891 896
145 146 328 333 697 704 882 889
145 146 329 332 514 517 700 701
145 147 329 333 699 703 885 887
145 148 328 335 512 521 881 892
145 150 317 348 676 729 857 918
145 150 327 338 694 711 878 897
145 152 330 337 701 706 888 889
145 156 516 525 702 709 889 892
145 159 323 351 685 729 867 917
145 164 331 348 704 715 892 897
146 147 329 334 698 705 883 890
146 147 330 333 515 518 701 702
146 148 330 334 700 704 886 888
146 149 329 336 513 522 882 893
146 151 318 349 677 730 858 919
146 151 328 339 695 712 879 898
146 153 331 338 702 707 889 890
146 157 517 526 703 710 890 893
146 160 324 352 686 730 868 918
146 165 332 349 705 716 893 898
147 148 330 335 699 706 884 891
147 148 331 334 516 519 702 703
147 149 331 335 701 705 887 889
147 150 330 337 514 523 883 894
147 152 319 350 678 731 859 920
147 152 329 340 696 713 880 899
147 154 332 339 703 708 890 891
147 158 518 527 704 711 891 894
147 161 325 353 687 731 869 919
147 166 333 350 706 717 894 899
148 149 331 336 700 707 885 892
148 149 332 335 517 520 703 704
148 150 332 336 702 706 888 890
148 151 331 338 515 524 884 895
148 153 320 351 679 732 860 921
148 153 330 341 697 714 881 900
148 155 333 340 704 709 891 892
148 159 519 528 705 712 892 895
148 162 326 354 688 732 870 920
148 167 334 351 707 718 895 900
149 150 332 337 701 708 886 893
149 150 333 336 518 521 704 705
149 151 333 337 703 707 889 891
149 152 332 339 516 525 885 896
149 154 321 352 680 733 861 922
149 154 331 342 698 715 882 901
149 156 334 341 705 710 892 893
149 160 520 529 706 713 893 896
149 163 327 355 689 733 871 921
149 168 335 352 708 719 896 901
150 151 333 338 702 709 887 894
150 151 334 337 519 522 705 706
150 152 334 338 704 708 890 892
150 153 333 340 517 526 886 897
150 155 322 353 681 734 862 923
150 155 332 343 699 716 883 902
150 157 335 342 706 711 893 894
150 161 521 530 707 714 894 897
150 164 328 356 690 734 872 922
150 169 336 353 709 720 897 902
151 152 334 339 703 710 888 895
151 152 335 338 520 523 706 707
151 153 335 339 705 709 891 893
151 154 334 341 518 527 887 898
151 156 323 354 682 735 863 924
151 156 333 344 700 717 884 903
151 158 336 343 707 712 894 895
151 162 522 531 708 715 895 898
151 165 329 357 691 735 873 923
151 170 337 354 710 721 898 903
152 153 335 340 704 711 889 896
152 153 336 339 521 524 707 708
152 154 336 340 706 710 892 894
152 155 335 342 519 528 888 899
152 157 334 345 701 718 885 904
152 159 337 344 708 713 895 896
152 163 523 532 709 716 896 899
152 166 330 358 692 736 874 924
152 171 338 355 711 722 899 904
153 154 336 341 705 712 890 897
153 154 337 340 522 525 708 709
153 155 337 341 707 711 893 895
153 156 336 343 520 529 889 900
153 158 335 346 702 719 886 905
153 160 338 345 709 714 896 897
153 164 524 533 710 717 897 900
153 172 339 356 712 723 900 905
154 155 337 342 706 713 891 898
154 155 338 341 523 526 709 710
154 156 338 342 708 712 894 896
154 157 337 344 521 530 890 901
154 159 336 347 703 720 887 906
154 161 339 346 710 715 897 898
154 165 525 534 711 718 898 901
154 173 340 357 713 724 901 906
155 156 338 343 707 714 892 899
155 156 339 342 524 527 710 711
155 157 339 343 709 713 895 897
155 158 338 345 522 531 891 902
155 160 337 348 704 721 888 907
155 162 340 347 711 716 898 899
155 166 526 535 712 719 899 902
155 174 341 358 714 725 902 907
156 157 339 344 708 715 893 900
156 157 340 343 525 528 711 712
156 158 340 344 710 714 896 898
156 159 339 346 523 532 892 903
156 161 338 349 705 722 889 908
156 163 341 348 712 717 899 900
156 167 527 536 713 720 900 903
156 175 342 359 715 726 903 908
157 158 340 345 709 716 894 901
157 158 341 344 526 529 712 713
157 159 341 345 711 715 897 899
157 160 340 347 524 533 893 904
157 162 339 350 706 723 890 909
157 164 342 349 713 718 900 901
157 168 528 537 714 721 901 904
157 176 343 360 716 727 904 909
158 159 341 346 710 717 895 902
158 159 342 345 527 530 713 714
158 160 342 346 712 716 898 900
158 161 341 348 525 534 894 905
158 163 340 351 707 724 891 910
158 165 343 350 714 719 901 902
158 169 529 538 715 722 902 905
158 177 344 361 717 728 905 910
159 160 342 347 711 718 896 903
159 160 343 346 528 531 714 715
159 161 343 347 713 717 899 901
159 162 342 349 526 535 895 906
159 164 341 352 708 725 892 911
159 166 344 351 715 720 902 903
159 170 530 539 716 723 903 906
159 178 345 362 718 729 906 911
160 161 343 348 712 719 897 904
160 161 344 347 529 532 715 716
160 162 344 348 714 718 900 902
160 163 343 350 527 536 896 907
160 165 342 353 709 726 893 912
160 167 345 352 716 721 903 904
160 171 531 540 717 724 904 907
160 179 346 363 719 730 907 912
161 162 344 349 713 720 898 905
161 162 345 348 530 533 716 717
161 163 345 349 715 719 901 903
161 164 344 351 528 537 897 908
161 166 343 354 710 727 894 913
161 168 346 353 717 722 904 905
161 172 532 541 718 725 905 908
161 180 347 364 720 731 908 913
162 163 345 350 714 721 899 906
162 163 346 349 531 534 717 718
162 164 346 350 716 720 902 904
162 165 345 352 529 538 898 909
162 167 344 355 711 728 895 914
162 169 347 354 718 723 905 906
162 173 533 542 719 726 906 909
162 181 348 365 721 732 909 914
163 164 346 351 715 722 900 907
163 164 347 350 532 535 718 719
163 165 347 351 717 721 903 905
163 166 346 353 530 539 899 910
163 168 345 356 712 729 896 915
163 170 348 355 719 724 906 907
163 174 534 543 720 727 907 910
163 182 349 366 722 733 910 915
164 165 347 352 716 723 901 908
164 165 348 351 533 536 719 720
164 166 348 352 718 722 904 906
164 167 347 354 531 540 900 911
164 169 346 357 713 730 897 916
164 171 349 356 720 725 907 908
164 175 535 544 721 728 908 911
164 183 350 367 723 734 911 916
165 166 348 353 717 724 902 909
165 166 349 352 534 537 720 721
165 167 349 353 719 723 905 907
165 168 348 355 532 541 901 912
165 170 347 358 714 731 898 917
165 172 350 357 721 726 908 909
165 176 536 545 722 729 909 912
165 184 351 368 724 735 912 917
166 167 349 354 718 725 903 910
166 167 350 353 535 538 721 722
166 168 350 354 720 724 906 908
166 169 349 356 533 542 902 913
166 171 348 359 715 732 899 918
166 173 351 358 722 727 909 910
166 177 537 546 723 730 910 913
167 168 350 355 719 726 904 911
167 168 351 354 536 539 722 723
167 169 351 355 721 725 907 909
167 170 350 357 534 543 903 914
167 172 349 360 716 733 900 919
167 174 352 359 723 728 910 911
167 178 538 547 724 731 911 914
168 169 351 356 720 727 905 912
168 169 352 355 537 540 723 724
168 170 352 356 722 726 908 910
168 171 351 358 535 544 904 915
168 173 350 361 717 734 901 920
168 175 353 360 724 729 911 912
168 179 539 548 725 732 912 915
169 170 352 357 721 728 906 913
169 170 353 356 538 541 724 725
169 171 353 357 723 727 909 911
169 172 352 359 536 545 905 916
169 174 351 362 718 735 902 921
169 176 354 361 725 730 912 913
169 180 540 549 726 733 913 916
170 171 353 358 722 729 907 914
170 171 354 357 539 542 725 726
170 172 354 358 724 728 910 912
170 173 353 360 537 546 906 917
170 175 352 363 719 736 903 922
170 177 355 362 726 731 913 914
170 181 541 550 727 734 914 917
171 172 354 359 723 730 908 915
171 172 355 358 540 543 726 727
171 173 355 359 725 729 911 913
171 174 354 361 538 547 907 918
171 176 353 364 720 737 904 923
171 178 356 363 727 732 914 915
171 182 542 551 728 735 915 918
172 173 355 360 724 731 909 916
172 173 356 359 541 544 727 728
172 174 356 360 726 730 912 914
172 175 355 362 539 548 908 919
172 177 354 365 721 738 905 924
172 179 357 364 728 733 915 916
172 183 543 552 729 736 916 919
173 174 356 361 725 732 910 917
173 174 357 360 542 545 728 729
173 175 357 361 727 731 913 915
173 176 356 363 540 549 909 920
173 180 358 365 729 734 916 917
173 184 544 553 730 737 917 920
174 175 357 362 726 733 911 918
174 175 358 361 543 546 729 730
174 176 358 362 728 732 914 916
174 177 357 364 541 550 910 921
174 181 359 366 730 735 917 918
175 176 358 363 727 734 912 919
175 176 359 362 544 547 730 731
175 177 359 363 729 733 915 917
175 178 358 365 542 551 911 922
175 182 360 367 731 736 918 919
176 177 359 364 728 735 913 920
176 177 360 363 545 548 731 732
176 178 360 364 730 734 916 918
176 179 359 366 543 552 912 923
176 183 361 368 732 737 919 920
177 178 360 365 729 736 914 921
177 178 361 364 546 549 732 733
177 179 361 365 731 735 917 919
177 180 360 367 544 553 913 924
177 184 362 369 733 738 920 921
178 179 361 366 730 737 915 922
178 179 362 365 547 550 733 734
178 180 362 366 732 736 918 920
179 180 362 367 731 738 916 923
179 180 363 366 548 551 734 735
179 181 363 367 733 737 919 921
180 181 363 368 732 739 917 924
180 181 364 367 549 552 735 736
180 182 364 368 734 738 920 922
181 182 365 368 550 553 736 737
181 183 365 369 735 739 921 923
182 183 366 369 551 554 737 738
185 258 375 438 566 617 759 794
186 187 370 373 555 558 741 742
186 259 376 439 567 618 760 795
187 188 371 374 556 559 742 743
187 260 377 440 568 619 761 796
188 189 372 375 557 560 743 744
188 261 378 441 569 620 762 797
189 190 373 376 558 561 744 745
189 262 379 442 570 621 763 798
190 191 374 377 559 562 745 746
190 263 380 443 571 622 764 799
191 192 375 378 560 563 746 747
191 264 381 444 572 623 765 800
192 193 376 379 561 564 747 748
192 265 382 445 573 624 766 801
193 194 377 380 562 565 748 749
193 266 383 446 574 625 767 802
194 195 378 381 563 566 749 750
194 267 384 447 575 626 768 803
195 196 379 382 564 567 750 751
195 268 385 448 576 627 769 804
196 197 380 383 565 568 751 752
196 269 386 449 577 628 770 805
197 198 381 384 566 569 752 753
197 270 387 450 578 629 771 806
198 199 382 385 567 570 753 754
198 271 388 451 579 630 772 807
199 200 383 386 568 571 754 755
199 272 389 452 580 631 773 808
200 201 384 387 569 572 755 756
200 273 390 453 581 632 774 809
201 202 385 388 570 573 756 757
201 274 391 454 582 633 775 810
202 203 386 389 571 574 757 758
202 275 392 455 583 634 776 811
203 204 387 390 572 575 758 759
203 276 393 456 584 635 777 812
204 205 388 391 573 576 759 760
204 239 381 432 560 623 740 813
204 277 394 457 585 636 778 813
205 206 389 392 574 577 760 761
205 240 382 433 561 624 741 814
205 278 395 458 586 637 779 814
206 207 390 393 575 578 761 762
206 241 383 434 562 625 742 815
206 279 396 459 587 638 780 815
207 208 391 394 576 579 762 763
207 242 384 435 563 626 743 816
207 280 397 460 588 639 781 816
208 209 392 395 577 580 763 764
208 243 385 436 564 627 744 817
208 281 398 461 589 640 782 817
209 210 393 396 578 581 764 765
209 244 386 437 565 628 745 818
209 282 399 462 590 641 783 818
210 211 394 397 579 582 765 766
210 245 387 438 566 629 746 819
210 283 400 463 591 642 784 819
211 212 395 398 580 583 766 767
211 246 388 439 567 630 747 820
211 284 401 464 592 643 785 820
212 213 396 399 581 584 767 768
212 247 389 440 568 631 748 821
212 285 402 465 593 644 786 821
213 214 397 400 582 585 768 769
213 248 390 441 569 632 749 822
213 286 403 466 594 645 787 822
214 215 398 401 583 586 769 770
214 249 391 442 570 633 750 823
214 287 404 467 595 646 788 823
215 216 399 402 584 587 770 771
215 250 392 443 571 634 751 824
215 288 405 468 596 647 789 824
216 217 400 403 585 588 771 772
216 251 393 444 572 635 752 825
216 289 406 469 597 648 790 825
217 218 401 404 586 589 772 773
217 252 394 445 573 636 753 826
217 290 407 470 598 649 791 826
218 219 402 405 587 590 773 774
218 253 395 446 574 637 754 827
218 291 408 471 599 650 792 827
219 220 403 406 588 591 774 775
219 254 396 447 575 638 755 828
219 292 409 472 600 651 793 828
220 221 404 407 589 592 775 776
220 255 397 448 576 639 756 829
220 293 410 473 601 652 794 829
221 222 405 408 590 593 776 777
221 256 398 449 577 640 757 830
221 294 411 474 602 653 795 830
222 223 406 409 591 594 777 778
222 257 399 450 578 641 758 831
222 295 412 475 603 654 796 831
223 224 407 410 592 595 778 779
223 258 400 451 579 642 759 832
223 296 413 476 604 655 797 832
224 225 408 411 593 596 779 780
224 259 401 452 580 643 760 833
224 297 414 477 605 656 798 833
225 226 409 412 594 597 780 781
225 260 402 453 581 644 761 834
225 298 415 478 606 657 799 834
226 227 410 413 595 598 781 782
226 261 403 454 582 645 762 835
226 299 416 479 607 658 800 835
227 228 411 414 596 599 782 783
227 262 404 455 583 646 763 836
227 300 417 480 608 659 801 836
228 229 412 415 597 600 783 784
228 263 405 456 584 647 764 837
228 301 418 481 609 660 802 837
229 230 413 416 598 601 784 785
229 264 406 457 585 648 765 838
229 302 419 482 610 661 803 838
230 231 414 417 599 602 785 786
230 265 407 458 586 649 766 839
230 303 420 483 611 662 804 839
231 232 415 418 600 603 786 787
231 266 408 459 587 650 767 840
231 304 421 484 612 663 805 840
232 233 416 419 601 604 787 788
232 267 409 460 588 651 768 841
232 305 422 485 613 664 806 841
233 234 417 420 602 605 788 789
233 268 410 461 589 652 769 842
233 306 423 486 614 665 807 842
234 235 418 421 603 606 789 790
234 269 411 462 590 653 770 843
234 307 424 487 615 666 808 843
235 236 419 422 604 607 790 791
235 270 412 463 591 654 771 844
235 308 425 488 616 667 809 844
236 237 420 423 605 608 791 792
236 271 413 464 592 655 772 845
236 309 426 489 617 668 810 845
237 238 421 424 606 609 792 793
237 272 414 465 593 656 773 846
237 310 427 490 618 669 811 846
238 239 422 425 607 610 793 794
238 273 415 466 594 657 774 847
238 311 428 491 619 670 812 847
239 240 423 426 608 611 794 795
239 274 416 467 595 658 775 848
239 312 429 492 620 671 813 848
240 241 424 427 609 612 795 796
240 275 417 468 596 659 776 849
240 313 430 493 621 672 814 849
241 242 425 428 610 613 796 797
241 276 418 469 597 660 777 850
241 314 431 494 622 673 815 850
242 243 426 429 611 614 797 798
242 277 419 470 598 661 778 851
242 315 432 495 623 674 816 851
243 244 427 430 612 615 798 799
243 278 420 471 599 662 779 852
243 316 433 496 624 675 817 852
244 245 428 431 613 616 799 800
244 279 421 472 600 663 780 853
244 317 434 497 625 676 818 853
245 246 429 432 614 617 800 801
245 280 422 473 601 664 781 854
245 318 435 498 626 677 819 854
246 247 430 433 615 618 801 802
246 281 423 474 602 665 782 855
246 319 436 499 627 678 820 855
247 248 431 434 616 619 802 803
247 282 424 475 603 666 783 856
247 320 437 500 628 679 821 856
248 249 432 435 617 620 803 804
248 283 425 476 604 667 784 857
248 321 438 501 629 680 822 857
249 250 433 436 618 621 804 805
249 284 426 477 605 668 785 858
249 322 439 502 630 681 823 858
250 251 434 437 619 622 805 806
250 285 427 478 606 669 786 859
250 323 440 503 631 682 824 859
251 252 435 438 620 623 806 807
251 286 428 479 607 670 787 860
251 324 441 504 632 683 825 860
252 253 436 439 621 624 807 808
252 287 429 480 608 671 788 861
252 325 442 505 633 684 826 861
253 254 437 440 622 625 808 809
253 288 430 481 609 672 789 862
253 326 443 506 634 685 827 862
254 255 438 441 623 626 809 810
254 289 431 482 610 673 790 863
254 327 444 507 635 686 828 863
255 256 439 442 624 627 810 811
255 290 432 483 611 674 791 864
255 328 445 508 636 687 829 864
256 257 440 443 625 628 811 812
256 291 433 484 612 675 792 865
256 329 446 509 637 688 830 865
257 258 441 444 626 629 812 813
257 292 434 485 613 676 793 866
257 330 447 510 638 689 831 866
258 259 442 445 627 630 813 814
258 293 435 486 614 677 794 867
258 331 448 511 639 690 832 867
259 260 443 446 628 631 814 815
259 294 436 487 615 678 795 868
259 332 449 512 640 691 833 868
260 261 444 447 629 632 815 816
260 295 437 488 616 679 796 869
260 333 450 513 641 692 834 869
261 262 445 448 630 633 816 817
261 296 438 489 617 680 797 870
261 334 451 514 642 693 835 870
262 263 446 449 631 634 817 818
262 297 439 490 618 681 798 871
262 335 452 515 643 694 836 871
263 264 447 450 632 635 818 819
263 298 440 491 619 682 799 872
263 336 453 516 644 695 837 872
264 265 448 451 633 636 819 820
264 299 441 492 620 683 800 873
264 337 454 517 645 696 838 873
265 266 449 452 634 637 820 821
265 300 442 493 621 684 801 874
265 338 455 518 646 697 839 874
266 267 450 453 635 638 821 822
266 301 443 494 622 685 802 875
266 339 456 519 647 698 840 875
267 268 451 454 636 639 822 823
267 302 444 495 623 686 803 876
267 340 457 520 648 699 841 876
268 269 452 455 637 640 823 824
268 303 445 496 624 687 804 877
268 341 458 521 649 700 842 877
269 270 453 456 638 641 824 825
269 304 446 497 625 688 805 878
269 342 459 522 650 701 843 878
270 271 454 457 639 642 825 826
270 305 447 498 626 689 806 879
270 343 460 523 651 702 844 879
271 272 455 458 640 643 826 827
271 306 448 499 627 690 807 880
271 344 461 524 652 703 845 880
272 273 456 459 641 644 827 828
272 307 449 500 628 691 808 881
272 345 462 525 653 704 846 881
273 274 457 460 642 645 828 829
273 308 450 501 629 692 809 882
273 346 463 526 654 705 847 882
274 275 458 461 643 646 829 830
274 309 451 502 630 693 810 883
274 347 464 527 655 706 848 883
275 276 459 462 644 647 830 831
275 310 452 503 631 694 811 884
275 348 465 528 656 707 849 884
276 277 460 463 645 648 831 832
276 311 453 504 632 695 812 885
276 349 466 529 657 708 850 885
277 278 461 464 646 649 832 833
277 312 454 505 633 696 813 886
277 350 467 530 658 709 851 886
278 279 462 465 647 650 833 834
278 313 455 506 634 697 814 887
278 351 468 531 659 710 852 887
279 280 463 466 648 651 834 835
279 314 456 507 635 698 815 888
279 352 469 532 660 711 853 888
280 281 464 467 649 652 835 836
280 315 457 508 636 699 816 889
280 353 470 533 661 712 854 889
281 282 465 468 650 653 836 837
281 316 458 509 637 700 817 890
281 354 471 534 662 713 855 890
282 283 466 469 651 654 837 838
282 317 459 510 638 701 818 891
282 355 472 535 663 714 856 891
283 284 467 470 652 655 838 839
283 318 460 511 639 702 819 892
283 356 473 536 664 715 857 892
284 285 468 471 653 656 839 840
284 319 461 512 640 703 820 893
284 357 474 537 665 716 858 893
285 286 469 472 654 657 840 841
285 320 462 513 641 704 821 894
285 358 475 538 666 717 859 894
286 287 470 473 655 658 841 842
286 321 463 514 642 705 822 895
286 359 476 539 667 718 860 895
287 288 471 474 656 659 842 843
287 322 464 515 643 706 823 896
287 360 477 540 668 719 861 896
288 289 472 475 657 660 843 844
288 323 465 516 644 707 824 897
288 361 478 541 669 720 862 897
289 290 473 476 658 661 844 845
289 324 466 517 645 708 825 898
289 362 479 542 670 721 863 898
290 291 474 477 659 662 845 846
290 325 467 518 646 709 826 899
290 363 480 543 671 722 864 899
291 292 475 478 660 663 846 847
291 326 468 519 647 710 827 900
291 364 481 544 672 723 865 900
292 293 476 479 661 664 847 848
292 327 469 520 648 711 828 901
292 365 482 545 673 724 866 901
293 294 477 480 662 665 848 849
293 328 470 521 649 712 829 902
293 366 483 546 674 725 867 902
294 295 478 481 663 666 849 850
294 329 471 522 650 713 830 903
294 367 484 547 675 726 868 903
295 296 479 482 664 667 850 851
295 330 472 523 651 714 831 904
295 368 485 548 676 727 869 904
296 297 480 483 665 668 851 852
296 331 473 524 652 715 832 905
296 369 486 549 677 728 870 905
297 298 481 484 666 669 852 853
297 332 474 525 653 716 833 906
298 299 482 485 667 670 853 854
298 333 475 526 654 717 834 907
299 300 483 486 668 671 854 855
299 334 476 527 655 718 835 908
300 301 484 487 669 672 855 856
300 335 477 528 656 719 836 909
301 302 485 488 670 673 856 857
301 336 478 529 657 720 837 910
302 303 486 489 671 674 857 858
302 337 479 530 658 721 838 911
303 304 487 490 672 675 858 859
303 338 480 531 659 722 839 912
304 305 488 491 673 676 859 860
304 339 481 532 660 723 840 913
305 306 489 492 674 677 860 861
305 340 482 533 661 724 841 914
306 307 490 493 675 678 861 862
306 341 483 534 662 725 842 915
307 308 491 494 676 679 862 863
307 342 484 535 663 726 843 916
308 309 492 495 677 680 863 864
308 343 485 536 664 727 844 917
309 310 493 496 678 681 864 865
309 344 486 537 665 728 845 918
310 311 494 497 679 682 865 866
310 345 487 538 666 729 846 919
311 312 495 498 680 683 866 867
311 346 488 539 667 730 847 920
312 313 496 499 681 684 867 868
312 347 489 540 668 731 848 921
313 314 497 500 682 685 868 869
313 348 490 541 669 732 849 922
314 315 498 501 683 686 869 870
314 349 491 542 670 733 850 923
315 316 499 502 684 687 870 871
315 350 492 543 671 734 851 924
316 317 500 503 685 688 871 872
317 318 501 504 686 689 872 873
318 319 502 505 687 690 873 874
319 320 503 506 688 691 874 875
320 321 504 507 689 692 875 876
321 322 505 508 690 693 876 877
322 323 506 509 691 694 877 878
323 324 507 510 692 695 878 879
324 325 508 511 693 696 879 880
325 326 509 512 694 697 880 881
326 327 510 513 695 698 881 882
327 328 511 514 696 699 882 883
328 329 512 515 697 700 883 884
329 330 513 516 698 701 884 885
330 331 514 517 699 702 885 886
331 332 515 518 700 703 886 887
332 333 516 519 701 704 887 888
333 334 517 520 702 705 888 889
334 335 518 521 703 706 889 890
335 336 519 522 704 707 890 891
336 337 520 523 705 708 891 892
337 338 521 524 706 709 892 893
338 339 522 525 707 710 893 894
339 340 523 526 708 711 894 895
340 341 524 527 709 712 895 896
341 342 525 528 710 713 896 897
342 343 526 529 711 714 897 898
343 344 527 530 712 715 898 899
344 345 528 531 713 716 899 900
345 346 529 532 714 717 900 901
346 347 530 533 715 718 901 902
347 348 531 534 716 719 902 903
348 349 532 535 717 720 903 904
349 350 533 536 718 721 904 905
350 351 534 537 719 722 905 906
351 352 535 538 720 723 906 907
352 353 536 539 721 724 907 908
353 354 537 540 722 725 908 909
354 355 538 541 723 726 909 910
355 356 539 542 724 727 910 911
356 357 540 543 725 728 911 912
357 358 541 544 726 729 912 913
358 359 542 545 727 730 913 914
359 360 543 546 728 731 914 915
360 361 544 547 729 732 915 916
361 362 545 548 730 733 916 917
362 363 546 549 731 734 917 918
363 364 547 550 732 735 918 919
364 365 548 551 733 736 919 920
365 366 549 552 734 737 920 921
366 367 550 553 735 738 921 922
367 368 551 554 736 739 922 923
