16 194 20
15 51 1091 4163 8259 771 5123 9219 34819 12291 85 32901 1285 20485 153 537 1049 105 649 1161 2313 1545 36873 24585 657 1169 4369 1553 49169 4641 33825 5185 9281 12353 1665 6273 41217 13313 150 278 2070 8214 16406 102 390 2182 8326 16518 2310 8454 16646 1542 10246 18438 36870 24582 4122 170 2570 40970 594 402 2194 8338 16530 2322 8466 16658 10258 18450 24594 8738 3106 5186 9282 12354 2434 8578 16770 10370 18562 24706 10498 18690 24834 13314 26626 556 16428 32812 204 4364 16908 33292 3084 49164 404 2196 8340 16532 2324 8468 16660 10260 18452 24596 1188 16932 33316 49188 836 17476 2436 8580 16772 10372 18564 24708 10500 18692 24836 49668 26628 664 1176 33048 1560 16936 33320 49192 4680 33864 1672 34952 12424 49672 22536 240 816 17456 12336 1360 20560 2448 8592 16784 1680 10384 18576 37008 24720 10512 18704 24848 26640 2400 4448 33120 1632 6240 34912 36960 24672 2720 41120 9504 6432 35104 37152 49696 38944 8896 3264 49344 6464 35136 37184 19008 13376 38976 10624 18816 24960 26752 3840 13056 21760 39168 26880 38400 26112 43520 52224 61440
B252_scattered_0 124 0 1 7 9 10 11 13 14 18 23 26 28 31 33 35 37 38 39 40 41 42 43 44 45 46 47 48 49 50 51 52 53 54 55 57 58 59 61 62 63 64 65 66 67 68 69 70 72 74 75 76 77 78 79 80 81 82 83 84 85 86 87 88 89 90 91 92 95 96 97 98 99 100 101 102 103 104 105 109 110 112 113 114 115 116 117 118 119 120 122 124 126 129 130 131 136 137 143 144 145 147 148 150 151 152 153 154 156 157 163 165 168 170 174 175 177 180 181 182 183 184 185 188 189
B252_scattered_1 124 2 3 4 5 7 9 11 14 16 20 21 26 30 32 35 36 37 38 39 40 41 42 43 44 45 46 47 48 49 50 51 52 53 54 55 56 57 58 59 60 61 62 63 64 65 66 67 68 69 70 72 76 77 78 79 80 81 82 83 84 86 87 92 94 95 96 97 98 99 100 101 102 103 104 105 106 107 109 110 112 113 114 115 116 117 118 119 120 121 122 123 128 129 140 141 143 144 145 146 147 148 150 151 152 153 154 155 156 157 161 168 173 175 176 178 179 180 181 182 183 186 188 189 192
B252_scattered_2 124 7 9 10 14 15 16 17 18 21 22 23 24 26 28 29 32 33 38 39 40 41 42 43 44 45 46 47 48 49 50 52 53 55 56 59 60 61 62 63 64 65 66 67 68 69 70 71 72 73 76 77 78 79 80 81 82 83 84 86 89 95 96 97 98 99 100 101 102 103 104 105 109 110 111 112 113 114 115 116 117 118 119 120 122 124 128 131 133 134 136 137 138 140 141 143 144 145 147 148 149 150 151 152 153 154 156 157 160 162 163 164 172 177 180 181 182 183 184 185 188 189 190 191 192
B252_scattered_3 124 0 6 9 13 21 22 23 24 25 26 28 29 30 32 34 35 36 38 39 40 41 42 44 45 46 47 48 49 50 51 52 53 54 55 57 58 61 62 63 64 65 66 67 68 69 70 74 75 76 77 78 79 80 81 82 83 84 85 86 87 89 94 95 96 97 98 99 100 101 102 103 104 105 106 108 111 112 113 114 115 116 117 118 119 120 122 123 126 127 130 131 133 134 137 138 139 140 143 144 145 146 147 148 149 150 151 152 153 154 155 160 161 169 173 178 179 180 181 182 183 185 187 188 192
B252_scattered_4 124 2 3 6 7 9 13 18 21 23 26 29 30 36 37 38 39 40 41 42 43 44 45 46 47 48 49 50 52 53 54 55 60 61 62 63 64 65 66 67 68 69 70 71 72 75 76 77 78 79 80 81 82 83 84 85 86 87 91 93 94 96 97 98 99 100 101 102 103 104 105 108 109 112 113 114 115 116 117 118 119 120 122 123 125 126 127 128 129 130 131 132 133 134 138 141 143 144 145 147 148 149 150 151 152 153 154 159 161 163 167 170 172 176 178 180 181 182 183 184 185 186 188 189 191
B252_scattered_5 124 1 4 7 8 9 12 13 14 17 19 20 21 22 23 27 28 29 30 31 34 37 38 39 40 41 42 44 45 46 47 48 49 50 51 52 53 55 57 58 61 62 63 64 65 66 67 68 69 70 73 74 75 76 77 78 79 80 81 82 83 84 86 89 93 96 97 98 99 100 101 102 103 104 105 107 109 112 113 114 115 116 117 118 119 120 122 123 127 133 134 135 137 142 143 144 145 147 148 150 151 152 153 154 155 156 157 160 162 163 164 167 172 175 176 179 180 181 182 183 184 185 188 190 192
B252_scattered_6 124 3 6 12 15 16 18 19 20 21 23 25 26 27 29 36 37 38 39 40 41 42 44 45 46 47 48 49 50 51 52 53 54 55 56 58 59 60 61 62 63 64 65 66 67 68 69 70 72 73 76 77 78 79 80 81 82 83 84 85 86 90 93 96 97 98 99 100 101 102 103 104 105 107 110 112 113 114 115 116 117 118 119 120 122 124 126 129 133 134 135 140 143 144 145 146 147 148 150 151 152 153 154 157 158 159 160 161 164 165 166 167 168 169 174 177 178 180 181 182 183 185 186 187 188
B252_scattered_7 124 5 11 15 16 17 18 21 25 27 28 35 37 38 39 40 41 42 44 45 46 47 48 49 50 51 52 53 55 56 58 59 61 62 63 64 65 66 67 68 69 70 71 74 76 77 78 79 80 81 82 83 84 85 86 87 88 89 90 92 93 94 95 96 97 98 99 100 101 102 103 104 105 106 107 112 113 114 115 116 117 118 119 120 121 122 123 126 129 130 133 136 137 139 140 141 142 143 144 145 147 148 150 151 152 153 154 155 156 158 161 162 166 169 172 173 175 176 177 180 181 182 183 188 191
B252_scattered_8 124 1 4 7 9 12 13 16 18 20 21 23 25 30 33 34 36 38 39 40 41 42 44 45 46 47 48 49 50 52 53 55 57 58 60 61 62 63 64 65 66 67 68 69 70 71 72 73 75 76 77 78 79 80 81 82 83 84 85 86 90 92 93 94 96 97 98 99 100 101 102 103 104 105 106 108 110 112 113 114 115 116 117 118 119 120 122 124 125 127 131 133 134 135 138 139 143 144 145 147 148 149 150 151 152 153 154 156 157 161 162 163 166 168 175 176 179 180 181 182 183 185 187 188 189
B252_scattered_9 124 3 4 6 10 17 18 19 21 23 24 28 30 32 33 37 38 39 40 41 42 44 45 46 47 48 49 50 51 52 53 55 57 58 59 60 61 62 63 64 65 66 67 68 69 70 71 72 73 74 76 77 78 79 80 81 82 83 84 85 86 88 91 93 95 96 97 98 99 100 101 102 103 104 105 106 107 108 112 113 114 115 116 117 118 119 120 122 125 127 128 129 130 135 140 143 144 145 146 147 148 150 151 152 153 154 155 158 159 160 161 162 165 169 174 179 180 181 182 183 184 186 188 189 190
B252_scattered_10 124 0 2 4 5 7 8 10 12 13 18 27 30 32 33 34 37 38 39 40 41 42 43 44 45 46 47 48 49 50 52 53 54 55 58 59 60 61 62 63 64 65 66 67 68 69 70 71 72 75 76 77 78 79 80 81 82 83 84 86 88 89 91 92 96 97 98 99 100 101 102 103 104 105 111 112 113 114 115 116 117 118 119 120 121 122 123 126 129 133 135 136 137 140 143 144 145 146 147 148 150 151 152 153 154 156 157 160 161 162 170 172 176 177 178 180 181 182 183 184 185 187 188 192 193
B252_scattered_11 124 0 1 3 7 9 12 13 15 16 17 18 21 24 26 29 31 33 37 38 39 40 41 42 43 44 45 46 47 48 49 50 52 53 55 61 62 63 64 65 66 67 68 69 70 72 76 77 78 79 80 81 82 83 84 86 91 93 94 96 97 98 99 100 101 102 103 104 105 107 108 111 112 113 114 115 116 117 118 119 120 121 122 123 124 125 126 131 132 133 134 139 141 143 144 145 147 148 149 150 151 152 153 154 155 156 157 158 163 164 165 166 167 169 177 180 181 182 183 184 187 188 191 192 193
B252_scattered_12 124 2 3 6 7 11 12 15 18 19 22 24 26 28 30 34 36 37 38 39 40 41 42 44 45 46 47 48 49 50 52 53 54 55 57 61 62 63 64 65 66 67 68 69 70 72 76 77 78 79 80 81 82 83 84 86 88 89 90 91 92 96 97 98 99 100 101 102 103 104 105 106 107 108 109 111 112 113 114 115 116 117 118 119 120 122 123 126 127 130 131 132 133 136 137 142 143 144 145 147 148 150 151 152 153 154 158 163 164 165 167 169 172 173 175 177 180 181 182 183 184 187 188 189 192
B252_scattered_13 124 1 2 5 8 11 12 13 14 18 23 25 27 29 31 37 38 39 40 41 42 43 44 45 46 47 48 49 50 51 52 53 54 55 57 60 61 62 63 64 65 66 67 68 69 70 71 76 77 78 79 80 81 82 83 84 85 86 89 90 92 93 94 96 97 98 99 100 101 102 103 104 105 106 107 108 112 113 114 115 116 117 118 119 120 122 126 127 128 129 132 135 138 140 143 144 145 147 148 149 150 151 152 153 154 155 156 160 164 166 167 169 171 172 177 178 180 181 182 183 184 185 187 188 193
B252_scattered_14 124 2 4 8 10 12 13 14 17 19 20 21 23 24 29 31 32 34 35 36 37 38 39 40 41 42 44 45 46 47 48 49 50 51 52 53 54 55 56 57 61 62 63 64 65 66 67 68 69 70 71 76 77 78 79 80 81 82 83 84 86 87 90 91 95 96 97 98 99 100 101 102 103 104 105 106 111 112 113 114 115 116 117 118 119 120 122 126 130 131 132 134 136 137 143 144 145 147 148 149 150 151 152 153 154 155 156 157 159 160 164 166 169 171 172 180 181 182 183 186 187 188 190 191 192
B252_scattered_15 124 1 4 5 10 13 15 16 18 23 25 27 30 31 34 38 39 40 41 42 43 44 45 46 47 48 49 50 51 52 53 54 55 58 61 62 63 64 65 66 67 68 69 70 72 74 75 76 77 78 79 80 81 82 83 84 86 87 89 90 96 97 98 99 100 101 102 103 104 105 109 110 112 113 114 115 116 117 118 119 120 122 124 125 130 133 135 137 138 141 142 143 144 145 147 148 150 151 152 153 154 156 158 160 162 163 164 166 167 168 169 174 175 176 177 180 181 182 183 185 186 188 190 191 192
B252_scattered_16 124 0 1 3 5 7 20 24 26 27 30 32 33 34 36 38 39 40 41 42 43 44 45 46 47 48 49 50 52 53 55 56 61 62 63 64 65 66 67 68 69 70 72 74 75 76 77 78 79 80 81 82 83 84 85 86 88 89 91 92 93 96 97 98 99 100 101 102 103 104 105 107 108 109 112 113 114 115 116 117 118 119 120 121 122 123 125 127 131 132 134 135 136 137 138 139 143 144 145 146 147 148 150 151 152 153 154 158 159 162 166 169 172 174 175 178 180 181 182 183 187 188 190 191 193
B252_scattered_17 124 1 2 5 6 7 8 9 11 13 14 16 17 18 22 24 25 26 27 30 31 33 34 37 38 39 40 41 42 44 45 46 47 48 49 50 51 52 53 55 56 57 61 62 63 64 65 66 67 68 69 70 71 73 76 77 78 79 80 81 82 83 84 85 86 87 89 96 97 98 99 100 101 102 103 104 105 106 107 112 113 114 115 116 117 118 119 120 121 122 123 128 130 135 139 141 142 143 144 145 147 148 149 150 151 152 153 154 156 160 163 166 167 168 169 173 177 180 181 182 183 185 188 190 192
B252_scattered_18 124 5 7 8 10 12 13 14 15 24 25 28 31 35 36 38 39 40 41 42 44 45 46 47 48 49 50 51 52 53 54 55 56 60 61 62 63 64 65 66 67 68 69 70 75 76 77 78 79 80 81 82 83 84 86 89 91 93 96 97 98 99 100 101 102 103 104 105 107 108 112 113 114 115 116 117 118 119 120 121 122 126 127 128 130 131 132 134 136 137 139 140 142 143 144 145 146 147 148 150 151 152 153 154 156 158 163 164 167 168 171 175 176 177 178 179 180 181 182 183 186 187 188 190 191
B252_scattered_19 124 0 1 3 5 8 9 11 14 16 19 22 24 25 27 28 31 32 34 38 39 40 41 42 44 45 46 47 48 49 50 52 53 55 58 59 61 62 63 64 65 66 67 68 69 70 72 73 74 75 76 77 78 79 80 81 82 83 84 85 86 88 89 91 93 96 97 98 99 100 101 102 103 104 105 109 112 113 114 115 116 117 118 119 120 122 123 125 131 132 135 137 138 141 142 143 144 145 146 147 148 150 151 152 153 154 155 158 159 160 165 166 168 169 174 176 177 179 180 181 182 183 187 188 192
