25 826 233 4543812
15 4
23 4
27 4
99 175
4227 169
32899 169
65667 169
524547 158
16777475 158
3075 171
36867 169
69635 169
270339 163
98307 169
17301507 158
3145731 166
29 4
165 156
262405 147
1048837 147
4194565 147
5125 154
16793605 141
163845 150
1310725 147
4456453 147
5242885 147
297 137
2089 137
4137 137
201 139
2313 137
4361 137
16777737 120
9225 134
6153 137
1064969 125
8405001 125
294921 131
196617 222
9437193 125
6291465 202
561 110
337 113
17425 107
66577 107
263185 107
10257 197
81937 107
278545 107
557073 103
4227089 103
327697 107
4718609 103
17825809 98
10485777 227
2337 137
4385 137
33825 12
1049633 12
6177 137
1081377 12
8454177 39
16842785 39
393249 83
25165857 39
34881 180
266305 6
16781377 6
1114177 182
17039425 6
36993 169
69761 169
16785537 183
98433 169
1179777 204
8650881 178
6401 137
41217 224
1310977 147
4456705 147
17301761 158
5243137 147
49665 200
1573377 228
82945 107
279553 107
1082369 12
328705 107
20972545 56
16910337 17
788481 43
102401 169
17043457 6
344065 107
9453569 125
4751361 103
18907137 76
25231361 39
5505025 147
30 4
294 132
1062 132
8230 132
65574 132
131110 132
198 138
1286 132
8454 132
65798 132
131334 132
9222 132
66566 132
132102 132
6150 135
73734 132
139270 132
540678 121
294918 221
196614 132
9437190 201
6291462 126
554 99
32810 99
524330 99
2097194 99
8388650 99
330 111
33290 99
524810 99
2097674 99
8389130 99
17418 195
10250 108
557066 99
2129930 99
8421386 99
327690 105
2621450 99
8912906 99
17825802 226
10485770 99
1048626 67
594 84
4178 84
8274 84
402 86
4626 84
8722 84
2098194 72
16778258 72
18450 81
12306 84
589842 78
393234 210
18874386 72
12582930 188
2210 155
1314 132
8482 132
65826 132
131362 132
33314 99
524834 99
2097698 99
8389154 99
9250 132
66594 132
132130 132
73762 132
139298 132
4210722 232
557090 99
2129954 99
8421410 99
196642 132
2621474 99
8912930 99
10485794 99
4674 84
8770 84
67650 11
2099266 11
12354 84
2162754 11
16908354 22
786498 40
36994 169
69762 169
532610 5
98434 169
2228354 177
9474 132
66818 132
132354 132
73986 132
139522 132
196866 132
2359554 203
17301762 158
12802 84
82434 214
557570 99
2130434 99
8421890 99
2621954 99
8913410 99
10486274 99
74754 132
140290 132
197634 132
4719618 213
18875394 72
2164738 11
657410 57
102402 169
204802 132
2654210 99
8945666 99
10518530 99
11010050 99
588 79
2124 79
16460 79
131148 79
262220 79
396 85
2572 79
16908 79
131596 79
262668 79
33804 68
18444 79
133132 79
264204 79
12300 82
147468 79
278540 79
589836 209
393228 79
18874380 187
12582924 73
65620 51
4194388 51
16777300 51
660 60
1049620 45
20500 58
4259860 51
16842772 51
655380 54
20971540 51
1316 132
8484 132
65828 132
131364 132
1049124 94
16777764 94
9252 132
66596 132
132132 132
73764 132
139300 132
8405028 216
4227108 199
196644 132
17825828 94
4420 109
2628 79
16964 79
131652 79
262724 79
18500 79
133188 79
264260 79
147524 79
278596 79
4259908 51
16842820 51
393284 79
20971588 51
3204 174
135300 10
4198532 10
24708 41
4325508 10
9476 132
66820 132
132356 132
73988 132
139524 132
196868 132
1310980 147
4456708 147
5243140 147
2098692 212
18948 79
133636 79
264708 79
147972 79
279044 79
393732 79
4719108 190
17826308 94
74756 132
140292 132
4211716 100
197636 132
8913924 229
149508 79
280580 79
395268 79
4329476 10
204804 132
2146308 231
409604 79
21037060 51
5505028 147
32856 25
1048664 25
4248 36
262296 36
524440 36
792 42
67608 30
266264 36
528408 36
24600 38
1081368 25
786456 36
25165848 33
2344 137
4392 137
33320 99
524840 99
2097704 99
8389160 99
263208 218
6184 137
557096 99
2129960 99
8421416 99
2621480 99
8912936 99
10485800 99
2632 79
16968 79
131656 79
262728 79
18504 79
133192 79
264264 79
147528 79
278600 79
1081416 25
8454216 186
393288 79
8840 59
34952 15
266376 36
528520 36
8519816 23
786568 36
6408 137
270600 9
8397064 9
98568 173
1179912 181
8651016 9
4195848 230
18952 79
133640 79
264712 79
147976 79
279048 79
557576 99
2130440 99
8421896 99
393736 79
2621960 99
8913416 99
10486280 99
149512 79
280584 79
395272 79
790536 36
172040 153
8658952 9
4243464 217
409608 79
9453576 125
2654216 99
8945672 99
10518536 99
11010056 99
525360 191
16810032 225
4688 84
8784 84
526416 206
12368 84
1081424 25
4259920 51
16842832 51
20971600 51
1050768 16
266384 36
528528 36
2162832 19
16908432 185
786576 36
69904 14
1052944 14
532752 21
1114384 14
17039632 18
12816 84
541200 8
16794128 8
197136 136
1311248 172
2359824 172
17302032 8
3146256 172
82960 107
279568 107
328720 107
18875408 72
1118224 14
790544 36
106512 176
1187856 184
344080 107
17317904 8
5259280 152
4751376 103
21037072 51
3407888 172
9961488 129
480 3
736 3
864 3
3168 170
135264 164
1052768 164
2101344 164
16785504 157
98400 167
1179744 164
2228320 164
8650848 159
3145824 164
928 3
5280 151
8396960 142
164000 148
5243040 145
9504 132
66848 132
132384 132
6432 137
74016 132
139552 132
295200 127
196896 132
9437472 122
6291744 220
17952 104
10784 112
557600 99
2130464 99
8421920 99
328224 196
2621984 99
8913440 99
17826336 94
10486304 99
74784 132
140320 132
1082400 12
197664 132
12583968 77
1116192 179
8521760 7
1183776 164
2232352 164
3149856 164
204832 132
1318944 223
1589280 198
2654240 99
8945696 99
10518560 99
25231392 39
3276832 164
11010080 99
960 3
9408 123
33984 123
263360 123
2098368 123
4195520 123
6336 133
41152 123
270528 123
2105536 123
4202688 123
295104 123
2130112 123
4227264 123
196800 128
2359488 123
4456640 123
17301696 115
9437376 219
6291648 123
17728 91
1049920 91
16778560 91
10560 106
1065280 91
16793920 91
557376 193
328000 101
17826112 91
10486080 96
19008 79
133696 79
264768 79
12864 84
148032 79
279104 79
590400 74
393792 79
18874944 69
12583488 208
70720 149
42048 123
271424 123
2106432 123
4203584 123
1066048 91
16794688 91
296000 123
2131008 123
4228160 123
2360384 123
4457536 123
17826880 91
6292544 123
149568 79
280640 79
2164800 11
395328 79
25167936 35
1183808 164
2232384 164
17043520 6
3149888 164
303168 123
2138176 123
4235328 123
2367552 123
4464704 123
6299712 123
409664 79
2637888 211
17842240 91
2392128 123
4489280 123
6324288 123
21037120 51
3276864 164
6553664 123
18816 70
67968 70
526720 70
4196736 70
8391040 70
12672 80
82304 70
541056 70
4211072 70
8405376 70
1081728 62
590208 70
4260224 70
8454528 70
393600 75
4718976 70
8913280 70
18874752 207
12583296 70
2099840 46
21120 55
656000 52
20972160 49
42112 123
271488 123
2106496 123
4203648 123
296064 123
2131072 123
4228224 123
2360448 123
4457600 123
6292608 123
141440 102
84096 70
542848 70
4212864 70
8407168 70
592000 70
4262016 70
8456320 70
4720768 70
8915072 70
12585088 70
102528 169
4329600 10
790656 36
303232 123
2138240 123
4235392 123
2367616 123
4464768 123
6299776 123
606336 70
4276352 70
8470656 70
4735104 70
8929408 70
12599424 70
2392192 123
4489344 123
6324352 123
4784256 70
8978560 70
12648576 70
6553728 123
13107328 70
1051392 24
135936 31
8393472 31
16782080 31
25344 37
2163456 26
8520448 31
16909056 31
787200 34
25166592 31
75008 132
140544 132
1066240 91
16794880 91
8422656 215
197888 132
17827072 91
84224 70
542976 70
4212992 70
8407296 70
592128 70
4262144 70
8456448 70
4720896 70
8915200 70
12585216 70
282880 53
1118464 14
8524032 31
16912640 31
25170176 31
205056 132
8659200 9
3154176 168
606464 70
4276480 70
8470784 70
4735232 70
8929536 70
17842432 91
12599552 70
4784384 70
8978688 70
12648704 70
25297152 31
5505280 147
13107456 70
16811520 189
150016 79
281088 79
16845312 205
395776 79
8524288 31
16912896 31
25170432 31
2236928 13
17048064 20
410112 79
17318400 8
6308352 130
2654720 99
8946176 99
10519040 99
25297408 31
3408384 172
11010560 99
15360 2
23552 2
27648 2
101376 165
4328448 160
3148800 162
29696 2
168960 146
5248000 143
304128 123
2139136 123
4236288 123
205824 132
2368512 123
4465664 123
9446400 118
6300672 123
574464 95
345088 107
17843200 91
10503168 194
2393088 123
4490240 123
6325248 123
6554624 123
30720 2
301056 116
1087488 116
8427520 116
202752 124
1316864 116
8656896 116
9443328 116
6297600 119
567296 88
337920 97
17836032 192
10496000 92
608256 70
4278272 70
8472576 70
411648 79
4737024 70
8931328 70
18892800 65
12601344 70
2263040 144
1345536 116
8685568 116
9472000 116
4786176 70
8980480 70
12650496 70
9701376 116
13109248 70
602112 63
2174976 63
16855040 63
405504 71
2633728 63
17313792 63
18886656 63
12595200 66
675840 50
20992000 47
1347584 116
8687616 116
9474048 116
4526080 93
2691072 63
17371136 63
18944000 63
3280896 164
25300992 31
9703424 116
19402752 63
4349952 27
811008 32
25190400 29
2400256 123
4497408 123
6332416 123
2695168 63
17375232 63
18948096 63
9052160 48
6561792 123
19406848 63
4800512 70
8994816 70
12664832 70
13123584 70
491520 1
753664 1
884736 1
3244032 161
950272 1
5406720 140
9732096 116
6586368 123
18382848 89
11042816 99
983040 1
9633792 114
6488064 117
18153472 87
10813440 90
19464192 63
13172736 70
19267584 61
12976128 64
21626880 44
25952256 28
15728640 0
24117248 0
28311552 0
30408704 0
31457280 0
0
1
2
1
0
5
6
5
0
1
2
1
0
5
6
5
16
16
18
19
20
20
19
23
19
25
26
27
28
29
30
31
32
33
34
30
31
32
29
25
26
27
28
19
29
45
46
47
48
49
50
51
52
53
49
50
45
46
47
48
29
20
30
31
32
49
50
67
68
69
70
71
72
73
74
75
67
68
69
70
71
49
50
30
31
32
20
18
23
33
34
51
52
53
72
73
74
75
98
99
100
101
102
72
73
74
75
51
52
53
33
34
23
18
20
30
31
32
49
50
67
68
69
70
71
72
73
74
75
67
68
69
70
71
49
50
30
31
32
20
29
45
46
47
48
49
50
51
52
53
49
50
45
46
47
48
29
19
25
26
27
28
29
30
31
32
33
34
30
31
32
29
25
26
27
28
19
23
19
20
20
19
18
16
16
185
186
187
187
187
190
187
185
186
190
190
186
185
187
190
187
187
187
186
185
205
205
205
208
208
205
208
212
212
208
208
212
212
208
205
208
208
205
205
205
225
225
225
225
229
229
229
229
