n=5 V=25 E=20 g_empty=1 states=151394
two_g
0 1 1
0 2 1
0 3 0
0 4 0
0 5 1
0 6 1
0 7 2
0 8 1
0 9 1
0 10 1
0 11 2
0 12 1
0 13 2
0 14 2
0 15 0
0 16 1
0 17 2
0 18 1
0 19 1
0 20 0
0 21 1
0 22 2
0 23 1
0 24 1
1 2 1
1 3 2
1 4 0
1 5 1
1 6 1
1 7 1
1 8 1
1 9 1
1 10 1
1 11 1
1 12 2
1 13 2
1 14 2
1 15 1
1 16 1
1 17 0
1 18 1
1 19 1
1 20 1
1 21 1
1 22 1
1 23 1
1 24 1
2 3 1
2 4 1
2 5 1
2 6 1
2 7 2
2 8 1
2 9 1
2 10 2
2 11 2
2 12 1
2 13 2
2 14 2
2 15 2
2 16 1
2 17 1
2 18 1
2 19 2
2 20 2
2 21 1
2 22 2
2 23 1
2 24 2
3 4 1
3 5 1
3 6 1
3 7 1
3 8 1
3 9 1
3 10 2
3 11 2
3 12 2
3 13 1
3 14 1
3 15 1
3 16 1
3 17 0
3 18 1
3 19 1
3 20 1
3 21 1
3 22 1
3 23 1
3 24 1
4 5 1
4 6 1
4 7 2
4 8 1
4 9 1
4 10 2
4 11 2
4 12 1
4 13 2
4 14 1
4 15 1
4 16 1
4 17 2
4 18 1
4 19 0
4 20 1
4 21 1
4 22 2
4 23 1
4 24 0
5 6 1
5 7 1
5 8 1
5 9 1
5 10 1
5 11 1
5 12 2
5 13 0
5 14 1
5 15 2
5 16 1
5 17 2
5 18 1
5 19 1
5 20 0
5 21 1
5 22 2
5 23 1
5 24 1
6 7 1
6 8 1
6 9 1
6 10 1
6 11 1
6 12 1
6 13 1
6 14 1
6 15 1
6 16 1
6 17 1
6 18 1
6 19 1
6 20 1
6 21 1
6 22 1
6 23 1
6 24 1
7 8 1
7 9 1
7 10 2
7 11 1
7 12 1
7 13 1
7 14 2
7 15 2
7 16 1
7 17 2
7 18 1
7 19 2
7 20 2
7 21 0
7 22 1
7 23 0
7 24 2
8 9 1
8 10 1
8 11 1
8 12 1
8 13 1
8 14 1
8 15 1
8 16 1
8 17 1
8 18 1
8 19 1
8 20 1
8 21 1
8 22 1
8 23 1
8 24 1
9 10 1
9 11 0
9 12 2
9 13 1
9 14 1
9 15 1
9 16 1
9 17 2
9 18 1
9 19 2
9 20 1
9 21 1
9 22 2
9 23 1
9 24 0
10 11 2
10 12 1
10 13 1
10 14 2
10 15 1
10 16 1
10 17 2
10 18 1
10 19 1
10 20 1
10 21 1
10 22 2
10 23 2
10 24 2
11 12 1
11 13 2
11 14 1
11 15 1
11 16 1
11 17 1
11 18 1
11 19 0
11 20 2
11 21 1
11 22 2
11 23 2
11 24 2
12 13 1
12 14 1
12 15 2
12 16 1
12 17 1
12 18 1
12 19 2
12 20 1
12 21 2
12 22 1
12 23 2
12 24 1
13 14 2
13 15 0
13 16 1
13 17 1
13 18 1
13 19 1
13 20 2
13 21 2
13 22 2
13 23 1
13 24 2
14 15 1
14 16 1
14 17 2
14 18 1
14 19 1
14 20 2
14 21 2
14 22 2
14 23 1
14 24 1
15 16 1
15 17 1
15 18 1
15 19 1
15 20 1
15 21 1
15 22 1
15 23 1
15 24 1
16 17 1
16 18 1
16 19 1
16 20 1
16 21 1
16 22 1
16 23 1
16 24 1
17 18 1
17 19 1
17 20 2
17 21 1
17 22 2
17 23 1
17 24 2
18 19 1
18 20 1
18 21 1
18 22 1
18 23 1
18 24 1
19 20 1
19 21 1
19 22 1
19 23 1
19 24 1
20 21 1
20 22 1
20 23 0
20 24 0
21 22 1
21 23 2
21 24 0
22 23 1
22 24 1
23 24 1
one_g
0 3
1 3
2 0
3 3
4 3
5 3
6 0
7 3
8 0
9 3
10 0
11 3
12 0
13 3
14 0
15 3
16 0
17 3
18 0
19 3
20 3
21 3
22 0
23 3
24 3
