257 130 44613 0
263 133 47861 0
269 136 51167 0
271 137 52416 0
277 140 55945 0
281 142 58267 0
283 143 59720 0
293 148 66148 0
307 155 76078 0
311 157 78950 0
313 158 80540 0
317 160 83761 0
331 167 95387 0
337 170 100519 0
347 175 109710 0
349 176 111769 0
353 178 115639 0
359 181 121498 0
367 185 129725 0
373 188 136179 0
379 191 142906 0
383 193 147458 0
389 196 154681 0
397 200 163981 0
401 202 169204 0
409 206 179580 0
419 211 192873 0
421 212 195658 0
431 217 210413 0
433 218 212776 0
439 221 222055 0
# columns: p, witness_size, congruence-filtered selected quadruples checked, zero determinants
